scaffold_1	0	10000	0.452
scaffold_1	10000	20000	0.4518
scaffold_1	20000	30000	0.461
scaffold_1	30000	40000	0.4488
scaffold_1	40000	50000	0.4627
scaffold_1	50000	60000	0.4698
scaffold_1	60000	70000	0.4753
scaffold_1	70000	80000	0.4839
scaffold_1	80000	90000	0.4756
scaffold_1	90000	100000	0.4666
scaffold_1	100000	110000	0.4631
scaffold_1	110000	120000	0.4409
scaffold_1	120000	130000	0.4592
scaffold_1	130000	140000	0.4934
scaffold_1	140000	150000	0.4873
scaffold_1	150000	160000	0.431
scaffold_1	160000	170000	0.4833
scaffold_1	170000	180000	0.4533
scaffold_1	180000	190000	0.4385
scaffold_1	190000	200000	0.479
scaffold_1	200000	210000	0.4885
scaffold_1	210000	220000	0.4912
scaffold_1	220000	230000	0.4802
scaffold_1	230000	240000	0.4708
scaffold_1	240000	250000	0.4555
scaffold_1	250000	260000	0.4797
scaffold_1	260000	270000	0.4228
scaffold_1	270000	280000	0.4791
scaffold_1	280000	290000	0.4966
scaffold_1	290000	300000	0.4645
scaffold_1	300000	310000	0.4281
scaffold_1	310000	320000	0.4761
scaffold_1	320000	330000	0.4801
scaffold_1	330000	340000	0.4511
scaffold_1	340000	350000	0.4514
scaffold_1	350000	360000	0.4517
scaffold_1	360000	370000	0.472
scaffold_1	370000	380000	0.4858
scaffold_1	380000	390000	0.4948
scaffold_1	390000	400000	0.4842
scaffold_1	400000	410000	0.4601
scaffold_1	410000	420000	0.4813
scaffold_1	420000	430000	0.439
scaffold_1	430000	440000	0.4903
scaffold_1	440000	450000	0.4406
scaffold_1	450000	460000	0.4689
scaffold_1	460000	470000	0.4737
scaffold_1	470000	480000	0.4689
scaffold_1	480000	490000	0.5031
scaffold_1	490000	500000	0.4579
scaffold_1	500000	510000	0.5009
scaffold_1	510000	520000	0.5136
scaffold_1	520000	530000	0.491
scaffold_1	530000	540000	0.5041
scaffold_1	540000	550000	0.4595
scaffold_1	550000	560000	0.4685
scaffold_1	560000	570000	0.4593
scaffold_1	570000	580000	0.5011
scaffold_1	580000	590000	0.4885
scaffold_1	590000	600000	0.4934
scaffold_1	600000	610000	0.4752
scaffold_1	610000	620000	0.486
scaffold_1	620000	630000	0.4612
scaffold_1	630000	640000	0.4812
scaffold_1	640000	650000	0.4768
scaffold_1	650000	660000	0.4831
scaffold_1	660000	670000	0.5021
scaffold_1	670000	680000	0.466
scaffold_1	680000	690000	0.4756
scaffold_1	690000	700000	0.4669
scaffold_1	700000	710000	0.4413
scaffold_1	710000	720000	0.5009
scaffold_1	720000	730000	0.4449
scaffold_1	730000	740000	0.5158
scaffold_1	740000	750000	0.4861
scaffold_1	750000	760000	0.5011
scaffold_1	760000	770000	0.4675
scaffold_1	770000	780000	0.494
scaffold_1	780000	790000	0.4916
scaffold_1	790000	800000	0.4905
scaffold_1	800000	810000	0.5072
scaffold_1	810000	820000	0.4947
scaffold_1	820000	830000	0.478
scaffold_1	830000	840000	0.4831
scaffold_1	840000	850000	0.4475
scaffold_1	850000	860000	0.4707
scaffold_1	860000	870000	0.5046
scaffold_1	870000	880000	0.4738
scaffold_1	880000	890000	0.4657
scaffold_1	890000	900000	0.4907
scaffold_1	900000	910000	0.419
scaffold_1	910000	920000	0.4473
scaffold_1	920000	930000	0.4767
scaffold_1	930000	940000	0.4592
scaffold_1	940000	950000	0.4537
scaffold_1	950000	960000	0.4569
scaffold_1	960000	970000	0.4725
scaffold_1	970000	980000	0.5149
scaffold_1	980000	990000	0.4835
scaffold_1	990000	1000000	0.4563
scaffold_1	1000000	1010000	0.4677
scaffold_1	1010000	1020000	0.488
scaffold_1	1020000	1030000	0.4954
scaffold_1	1030000	1040000	0.4756
scaffold_1	1040000	1050000	0.4421
scaffold_1	1050000	1060000	0.4754
scaffold_1	1060000	1070000	0.4555
scaffold_1	1070000	1080000	0.4835
scaffold_1	1080000	1090000	0.4688
scaffold_1	1090000	1100000	0.4911
scaffold_1	1100000	1110000	0.4725
scaffold_1	1110000	1120000	0.4875
scaffold_1	1120000	1130000	0.4702
scaffold_1	1130000	1140000	0.4126
scaffold_1	1140000	1150000	0.4746
scaffold_1	1150000	1160000	0.4595
scaffold_1	1160000	1170000	0.4641
scaffold_1	1170000	1180000	0.4234
scaffold_1	1180000	1190000	0.4834
scaffold_1	1190000	1200000	0.4607
scaffold_1	1200000	1210000	0.419
scaffold_1	1210000	1220000	0.4347
scaffold_1	1220000	1230000	0.5091
scaffold_1	1230000	1240000	0.4787
scaffold_1	1240000	1250000	0.4526
scaffold_1	1250000	1260000	0.4618
scaffold_1	1260000	1270000	0.4759
scaffold_1	1270000	1280000	0.502
scaffold_1	1280000	1290000	0.464
scaffold_1	1290000	1300000	0.4363
scaffold_1	1300000	1310000	0.4907
scaffold_1	1310000	1320000	0.4992
scaffold_1	1320000	1330000	0.507
scaffold_1	1330000	1340000	0.4911
scaffold_1	1340000	1350000	0.4624
scaffold_1	1350000	1360000	0.491
scaffold_1	1360000	1370000	0.4994
scaffold_1	1370000	1380000	0.4828
scaffold_1	1380000	1390000	0.4797
scaffold_1	1390000	1400000	0.464
scaffold_1	1400000	1410000	0.5183
scaffold_1	1410000	1420000	0.469
scaffold_1	1420000	1430000	0.4717
scaffold_1	1430000	1440000	0.4394
scaffold_1	1440000	1450000	0.4361
scaffold_1	1450000	1460000	0.4227
scaffold_1	1460000	1470000	0.4382
scaffold_1	1470000	1480000	0.483
scaffold_1	1480000	1490000	0.4985
scaffold_1	1490000	1500000	0.503
scaffold_1	1500000	1510000	0.4397
scaffold_1	1510000	1520000	0.4551
scaffold_1	1520000	1530000	0.4382
scaffold_1	1530000	1540000	0.494
scaffold_1	1540000	1550000	0.4447
scaffold_1	1550000	1560000	0.4864
scaffold_1	1560000	1570000	0.4324
scaffold_1	1570000	1580000	0.3841
scaffold_1	1580000	1590000	0.4744
scaffold_1	1590000	1600000	0.452
scaffold_1	1600000	1610000	0.5098
scaffold_1	1610000	1620000	0.4616
scaffold_1	1620000	1630000	0.4855
scaffold_1	1630000	1640000	0.4877
scaffold_1	1640000	1650000	0.4831
scaffold_1	1650000	1660000	0.4339
scaffold_1	1660000	1670000	0.4511
scaffold_1	1670000	1680000	0.4809
scaffold_1	1680000	1690000	0.4826
scaffold_1	1690000	1700000	0.4701
scaffold_1	1700000	1710000	0.4889
scaffold_1	1710000	1720000	0.4909
scaffold_1	1720000	1730000	0.4859
scaffold_1	1730000	1740000	0.4654
scaffold_1	1740000	1750000	0.4712
scaffold_1	1750000	1760000	0.4729
scaffold_1	1760000	1770000	0.4656
scaffold_1	1770000	1780000	0.45
scaffold_1	1780000	1790000	0.4606
scaffold_1	1790000	1800000	0.4844
scaffold_1	1800000	1810000	0.4691
scaffold_1	1810000	1820000	0.4846
scaffold_1	1820000	1830000	0.4421
scaffold_1	1830000	1840000	0.4613
scaffold_1	1840000	1850000	0.473
scaffold_1	1850000	1860000	0.4569
scaffold_1	1860000	1870000	0.4518
scaffold_1	1870000	1880000	0.4715
scaffold_1	1880000	1890000	0.5022
scaffold_1	1890000	1900000	0.4871
scaffold_1	1900000	1910000	0.4921
scaffold_1	1910000	1920000	0.4904
scaffold_1	1920000	1930000	0.489
scaffold_1	1930000	1940000	0.4971
scaffold_1	1940000	1950000	0.4967
scaffold_1	1950000	1960000	0.4421
scaffold_1	1960000	1970000	0.485
scaffold_1	1970000	1980000	0.4853
scaffold_1	1980000	1990000	0.488
scaffold_1	1990000	2000000	0.4888
scaffold_1	2000000	2010000	0.4803
scaffold_1	2010000	2020000	0.472
scaffold_1	2020000	2030000	0.4662
scaffold_1	2030000	2040000	0.5298
scaffold_1	2040000	2050000	0.4747
scaffold_1	2050000	2060000	0.5114
scaffold_1	2060000	2070000	0.4597
scaffold_1	2070000	2080000	0.4419
scaffold_1	2080000	2090000	0.4427
scaffold_1	2090000	2100000	0.4364
scaffold_1	2100000	2110000	0.4245
scaffold_1	2110000	2120000	0.4507
scaffold_1	2120000	2130000	0.4574
scaffold_1	2130000	2140000	0.4711
scaffold_1	2140000	2150000	0.4616
scaffold_1	2150000	2160000	0.4877
scaffold_1	2160000	2170000	0.4249
scaffold_1	2170000	2180000	0.454
scaffold_1	2180000	2190000	0.5032
scaffold_1	2190000	2200000	0.446
scaffold_1	2200000	2210000	0.4484
scaffold_1	2210000	2220000	0.4707
scaffold_1	2220000	2230000	0.4359
scaffold_1	2230000	2240000	0.4824
scaffold_1	2240000	2250000	0.495
scaffold_1	2250000	2260000	0.4944
scaffold_1	2260000	2270000	0.4696
scaffold_1	2270000	2280000	0.4665
scaffold_1	2280000	2290000	0.4514
scaffold_1	2290000	2300000	0.4273
scaffold_1	2300000	2310000	0.459
scaffold_1	2310000	2320000	0.4533
scaffold_1	2320000	2330000	0.4806
scaffold_1	2330000	2340000	0.4552
scaffold_1	2340000	2350000	0.4396
scaffold_1	2350000	2360000	0.4947
scaffold_1	2360000	2370000	0.4743
scaffold_1	2370000	2380000	0.4219
scaffold_1	2380000	2390000	0.4315
scaffold_1	2390000	2400000	0.4488
scaffold_1	2400000	2410000	0.4787
scaffold_1	2410000	2420000	0.4669
scaffold_1	2420000	2430000	0.4693
scaffold_1	2430000	2440000	0.4806
scaffold_1	2440000	2450000	0.4709
scaffold_1	2450000	2460000	0.4725
scaffold_1	2460000	2470000	0.452
scaffold_1	2470000	2480000	0.4921
scaffold_1	2480000	2490000	0.4785
scaffold_1	2490000	2500000	0.4494
scaffold_1	2500000	2510000	0.435
scaffold_1	2510000	2520000	0.4455
scaffold_1	2520000	2530000	0.474
scaffold_1	2530000	2540000	0.4894
scaffold_1	2540000	2550000	0.4876
scaffold_1	2550000	2560000	0.4657
scaffold_1	2560000	2570000	0.4748
scaffold_1	2570000	2580000	0.4609
scaffold_1	2580000	2590000	0.4663
scaffold_1	2590000	2600000	0.4234
scaffold_1	2600000	2610000	0.43
scaffold_1	2610000	2620000	0.475
scaffold_1	2620000	2630000	0.489
scaffold_1	2630000	2640000	0.457
scaffold_1	2640000	2650000	0.4972
scaffold_1	2650000	2660000	0.4702
scaffold_1	2660000	2670000	0.4675
scaffold_1	2670000	2680000	0.4674
scaffold_1	2680000	2690000	0.4986
scaffold_1	2690000	2700000	0.439
scaffold_1	2700000	2710000	0.4564
scaffold_1	2710000	2720000	0.4422
scaffold_1	2720000	2730000	0.4704
scaffold_1	2730000	2740000	0.4775
scaffold_1	2740000	2750000	0.4692
scaffold_1	2750000	2760000	0.4644
scaffold_1	2760000	2770000	0.4891
scaffold_1	2770000	2780000	0.452
scaffold_1	2780000	2790000	0.4652
scaffold_1	2790000	2800000	0.4659
scaffold_1	2800000	2810000	0.4599
scaffold_1	2810000	2820000	0.4798
scaffold_1	2820000	2830000	0.4702
scaffold_1	2830000	2840000	0.5046
scaffold_1	2840000	2850000	0.45
scaffold_1	2850000	2860000	0.44
scaffold_1	2860000	2870000	0.4622
scaffold_1	2870000	2880000	0.4726
scaffold_1	2880000	2890000	0.4383
scaffold_1	2890000	2900000	0.4369
scaffold_1	2900000	2910000	0.4362
scaffold_1	2910000	2920000	0.4945
scaffold_1	2920000	2930000	0.4339
scaffold_1	2930000	2940000	0.4761
scaffold_1	2940000	2950000	0.3928
scaffold_1	2950000	2960000	0.4668
scaffold_1	2960000	2970000	0.4736
scaffold_1	2970000	2980000	0.4945
scaffold_1	2980000	2990000	0.5237
scaffold_1	2990000	3000000	0.4523
scaffold_1	3000000	3010000	0.4469
scaffold_1	3010000	3020000	0.4666
scaffold_1	3020000	3030000	0.4792
scaffold_1	3030000	3040000	0.4424
scaffold_1	3040000	3050000	0.4488
scaffold_1	3050000	3060000	0.4386
scaffold_1	3060000	3070000	0.4134
scaffold_1	3070000	3080000	0.4751
scaffold_1	3080000	3090000	0.4533
scaffold_1	3090000	3100000	0.4817
scaffold_1	3100000	3110000	0.5048
scaffold_1	3110000	3120000	0.4642
scaffold_1	3120000	3130000	0.486
scaffold_1	3130000	3140000	0.4704
scaffold_1	3140000	3150000	0.4806
scaffold_1	3150000	3160000	0.4854
scaffold_1	3160000	3170000	0.4662
scaffold_1	3170000	3180000	0.4764
scaffold_1	3180000	3190000	0.493
scaffold_1	3190000	3200000	0.4998
scaffold_1	3200000	3210000	0.4746
scaffold_1	3210000	3220000	0.4571
scaffold_1	3220000	3230000	0.437
scaffold_1	3230000	3240000	0.4864
scaffold_1	3240000	3250000	0.4703
scaffold_1	3250000	3260000	0.46
scaffold_1	3260000	3270000	0.4812
scaffold_1	3270000	3280000	0.4843
scaffold_1	3280000	3290000	0.4532
scaffold_1	3290000	3300000	0.508
scaffold_1	3300000	3310000	0.492
scaffold_1	3310000	3320000	0.492
scaffold_1	3320000	3330000	0.4796
scaffold_1	3330000	3340000	0.4731
scaffold_1	3340000	3350000	0.4517
scaffold_1	3350000	3360000	0.5063
scaffold_1	3360000	3370000	0.4666
scaffold_1	3370000	3380000	0.5148
scaffold_1	3380000	3390000	0.4837
scaffold_1	3390000	3400000	0.4952
scaffold_1	3400000	3410000	0.4528
scaffold_1	3410000	3420000	0.4981
scaffold_1	3420000	3430000	0.5041
scaffold_1	3430000	3440000	0.5133
scaffold_1	3440000	3450000	0.501
scaffold_1	3450000	3460000	0.4941
scaffold_1	3460000	3470000	0.4635
scaffold_1	3470000	3480000	0.4465
scaffold_1	3480000	3490000	0.4519
scaffold_1	3490000	3500000	0.4825
scaffold_1	3500000	3510000	0.459
scaffold_1	3510000	3520000	0.4738
scaffold_1	3520000	3530000	0.4444
scaffold_1	3530000	3540000	0.4681
scaffold_1	3540000	3550000	0.4519
scaffold_1	3550000	3560000	0.4397
scaffold_1	3560000	3570000	0.4656
scaffold_1	3570000	3580000	0.4377
scaffold_1	3580000	3590000	0.4393
scaffold_1	3590000	3600000	0.4626
scaffold_1	3600000	3610000	0.4548
scaffold_1	3610000	3620000	0.5047
scaffold_1	3620000	3630000	0.5104
scaffold_1	3630000	3640000	0.4963
scaffold_1	3640000	3650000	0.533
scaffold_1	3650000	3660000	0.4803
scaffold_1	3660000	3670000	0.4178
scaffold_1	3670000	3680000	0.4522
scaffold_1	3680000	3690000	0.5169
scaffold_1	3690000	3700000	0.4799
scaffold_1	3700000	3710000	0.5187
scaffold_1	3710000	3720000	0.5074
scaffold_1	3720000	3730000	0.5116
scaffold_1	3730000	3740000	0.4762
scaffold_1	3740000	3750000	0.5345
scaffold_1	3750000	3760000	0.4562
scaffold_1	3760000	3770000	0.507
scaffold_1	3770000	3780000	0.5368
scaffold_1	3780000	3790000	0.4693
scaffold_1	3790000	3800000	0.5051
scaffold_1	3800000	3810000	0.4997
scaffold_1	3810000	3820000	0.5038
scaffold_1	3820000	3830000	0.4795
scaffold_1	3830000	3840000	0.4667
scaffold_1	3840000	3850000	0.4876
scaffold_1	3850000	3860000	0.4684
scaffold_1	3860000	3870000	0.4589
scaffold_1	3870000	3880000	0.5209
scaffold_1	3880000	3890000	0.4994
scaffold_1	3890000	3900000	0.4197
scaffold_1	3900000	3910000	0.4547
scaffold_1	3910000	3920000	0.4682
scaffold_1	3920000	3930000	0.5148
scaffold_1	3930000	3940000	0.4952
scaffold_1	3940000	3950000	0.4967
scaffold_1	3950000	3960000	0.4993
scaffold_1	3960000	3970000	0.4466
scaffold_1	3970000	3980000	0.4687
scaffold_1	3980000	3990000	0.469
scaffold_1	3990000	4000000	0.5156
scaffold_1	4000000	4010000	0.4681
scaffold_1	4010000	4020000	0.4825
scaffold_1	4020000	4030000	0.4646
scaffold_1	4030000	4040000	0.4521
scaffold_1	4040000	4050000	0.4935
scaffold_1	4050000	4060000	0.4735
scaffold_1	4060000	4070000	0.4816
scaffold_1	4070000	4080000	0.4827
scaffold_1	4080000	4090000	0.4918
scaffold_1	4090000	4100000	0.4936
scaffold_1	4100000	4110000	0.498
scaffold_1	4110000	4120000	0.4435
scaffold_1	4120000	4130000	0.4818
scaffold_1	4130000	4140000	0.4477
scaffold_1	4140000	4150000	0.4662
scaffold_1	4150000	4160000	0.4817
scaffold_1	4160000	4170000	0.4777
scaffold_1	4170000	4180000	0.4443
scaffold_1	4180000	4190000	0.4937
scaffold_1	4190000	4200000	0.4661
scaffold_1	4200000	4210000	0.4712
scaffold_1	4210000	4220000	0.4702
scaffold_1	4220000	4230000	0.4343
scaffold_1	4230000	4240000	0.4668
scaffold_1	4240000	4250000	0.4546
scaffold_1	4250000	4260000	0.4523
scaffold_1	4260000	4270000	0.4017
scaffold_1	4270000	4280000	0.3877
scaffold_1	4280000	4290000	0.443
scaffold_1	4290000	4300000	0.4449
scaffold_1	4300000	4310000	0.4408
scaffold_1	4310000	4320000	0.4754
scaffold_1	4320000	4330000	0.453
scaffold_1	4330000	4340000	0.4476
scaffold_1	4340000	4350000	0.4769
scaffold_1	4350000	4360000	0.4336
scaffold_1	4360000	4370000	0.4599
scaffold_1	4370000	4380000	0.4658
scaffold_1	4380000	4390000	0.4244
scaffold_1	4390000	4400000	0.464
scaffold_1	4400000	4410000	0.4616
scaffold_1	4410000	4420000	0.4622
scaffold_1	4420000	4430000	0.4237
scaffold_1	4430000	4440000	0.4496
scaffold_1	4440000	4450000	0.4619
scaffold_1	4450000	4460000	0.4452
scaffold_1	4460000	4470000	0.4455
scaffold_1	4470000	4480000	0.4639
scaffold_1	4480000	4490000	0.4876
scaffold_1	4490000	4500000	0.4411
scaffold_1	4500000	4510000	0.4789
scaffold_1	4510000	4520000	0.4446
scaffold_1	4520000	4530000	0.4814
scaffold_1	4530000	4540000	0.49
scaffold_1	4540000	4550000	0.4771
scaffold_1	4550000	4560000	0.4653
scaffold_1	4560000	4570000	0.4992
scaffold_1	4570000	4580000	0.469
scaffold_1	4580000	4590000	0.4619
scaffold_1	4590000	4600000	0.4602
scaffold_1	4600000	4610000	0.4392
scaffold_1	4610000	4620000	0.4614
scaffold_1	4620000	4630000	0.5031
scaffold_1	4630000	4640000	0.4414
scaffold_1	4640000	4650000	0.4972
scaffold_1	4650000	4660000	0.4376
scaffold_1	4660000	4670000	0.4799
scaffold_1	4670000	4680000	0.4423
scaffold_1	4680000	4690000	0.5289
scaffold_1	4690000	4700000	0.4919
scaffold_1	4700000	4710000	0.506
scaffold_1	4710000	4720000	0.4484
scaffold_1	4720000	4730000	0.4773
scaffold_1	4730000	4740000	0.4736
scaffold_1	4740000	4750000	0.4905
scaffold_1	4750000	4760000	0.4856
scaffold_1	4760000	4770000	0.4586
scaffold_1	4770000	4780000	0.4615
scaffold_1	4780000	4790000	0.4864
scaffold_1	4790000	4800000	0.461
scaffold_1	4800000	4810000	0.4951
scaffold_1	4810000	4820000	0.4471
scaffold_1	4820000	4830000	0.4501
scaffold_1	4830000	4840000	0.4594
scaffold_1	4840000	4850000	0.4513
scaffold_1	4850000	4860000	0.4691
scaffold_1	4860000	4870000	0.4905
scaffold_1	4870000	4880000	0.4196
scaffold_1	4880000	4890000	0.4451
scaffold_1	4890000	4900000	0.472
scaffold_1	4900000	4910000	0.4975
scaffold_1	4910000	4920000	0.4289
scaffold_1	4920000	4930000	0.4466
scaffold_1	4930000	4940000	0.4671
scaffold_1	4940000	4950000	0.4722
scaffold_1	4950000	4960000	0.4499
scaffold_1	4960000	4970000	0.4197
scaffold_1	4970000	4980000	0.4476
scaffold_1	4980000	4990000	0.4815
scaffold_1	4990000	5000000	0.4629
scaffold_1	5000000	5010000	0.4571
scaffold_1	5010000	5020000	0.4387
scaffold_1	5020000	5030000	0.467
scaffold_1	5030000	5040000	0.4789
scaffold_1	5040000	5050000	0.4587
scaffold_1	5050000	5060000	0.4257
scaffold_1	5060000	5070000	0.4018
scaffold_1	5070000	5080000	0.4501
scaffold_1	5080000	5090000	0.4329
scaffold_1	5090000	5100000	0.4507
scaffold_1	5100000	5110000	0.5229
scaffold_1	5110000	5120000	0.5261
scaffold_1	5120000	5130000	0.5199
scaffold_1	5130000	5140000	0.4529
scaffold_1	5140000	5150000	0.4567
scaffold_1	5150000	5160000	0.4415
scaffold_1	5160000	5170000	0.4887
scaffold_1	5170000	5180000	0.492
scaffold_1	5180000	5190000	0.4954
scaffold_1	5190000	5200000	0.4622
scaffold_1	5200000	5210000	0.4767
scaffold_1	5210000	5220000	0.4507
scaffold_1	5220000	5230000	0.4883
scaffold_1	5230000	5240000	0.4742
scaffold_1	5240000	5250000	0.4668
scaffold_1	5250000	5260000	0.4674
scaffold_1	5260000	5270000	0.4828
scaffold_1	5270000	5280000	0.4311
scaffold_1	5280000	5290000	0.4912
scaffold_1	5290000	5300000	0.4588
scaffold_1	5300000	5310000	0.4521
scaffold_1	5310000	5320000	0.4546
scaffold_1	5320000	5330000	0.47
scaffold_1	5330000	5340000	0.4779
scaffold_1	5340000	5350000	0.4433
scaffold_1	5350000	5360000	0.4778
scaffold_1	5360000	5370000	0.5063
scaffold_1	5370000	5380000	0.4963
scaffold_1	5380000	5390000	0.4415
scaffold_1	5390000	5400000	0.4564
scaffold_1	5400000	5410000	0.465
scaffold_1	5410000	5420000	0.4801
scaffold_1	5420000	5430000	0.4939
scaffold_1	5430000	5440000	0.4742
scaffold_1	5440000	5450000	0.5047
scaffold_1	5450000	5460000	0.457
scaffold_1	5460000	5470000	0.4841
scaffold_1	5470000	5480000	0.4751
scaffold_1	5480000	5490000	0.496
scaffold_1	5490000	5500000	0.4894
scaffold_1	5500000	5510000	0.4777
scaffold_1	5510000	5520000	0.4939
scaffold_1	5520000	5530000	0.479
scaffold_1	5530000	5540000	0.4548
scaffold_1	5540000	5550000	0.4947
scaffold_1	5550000	5560000	0.465
scaffold_1	5560000	5570000	0.4842
scaffold_1	5570000	5580000	0.4801
scaffold_1	5580000	5590000	0.4685
scaffold_1	5590000	5600000	0.4915
scaffold_1	5600000	5610000	0.4882
scaffold_1	5610000	5620000	0.4733
scaffold_1	5620000	5630000	0.5016
scaffold_1	5630000	5640000	0.4698
scaffold_1	5640000	5650000	0.482
scaffold_1	5650000	5660000	0.43
scaffold_1	5660000	5670000	0.4788
scaffold_1	5670000	5680000	0.4785
scaffold_1	5680000	5690000	0.4252
scaffold_1	5690000	5700000	0.4376
scaffold_1	5700000	5710000	0.4593
scaffold_1	5710000	5720000	0.4502
scaffold_1	5720000	5730000	0.4837
scaffold_1	5730000	5740000	0.4636
scaffold_1	5740000	5750000	0.4634
scaffold_1	5750000	5760000	0.4838
scaffold_1	5760000	5770000	0.4818
scaffold_1	5770000	5780000	0.4932
scaffold_1	5780000	5790000	0.4901
scaffold_1	5790000	5800000	0.4808
scaffold_1	5800000	5810000	0.4878
scaffold_1	5810000	5820000	0.453
scaffold_1	5820000	5830000	0.4806
scaffold_1	5830000	5840000	0.4763
scaffold_1	5840000	5850000	0.5089
scaffold_1	5850000	5860000	0.4767
scaffold_1	5860000	5870000	0.46
scaffold_1	5870000	5880000	0.4855
scaffold_1	5880000	5890000	0.4952
scaffold_1	5890000	5900000	0.4237
scaffold_1	5900000	5910000	0.4584
scaffold_1	5910000	5920000	0.4743
scaffold_1	5920000	5930000	0.4915
scaffold_1	5930000	5940000	0.4728
scaffold_1	5940000	5950000	0.4856
scaffold_1	5950000	5960000	0.4399
scaffold_1	5960000	5970000	0.4555
scaffold_1	5970000	5980000	0.4728
scaffold_1	5980000	5990000	0.4678
scaffold_1	5990000	6000000	0.4854
scaffold_1	6000000	6010000	0.488
scaffold_1	6010000	6020000	0.4923
scaffold_1	6020000	6030000	0.4538
scaffold_1	6030000	6030604	0.387417
scaffold_2	0	10000	0.4932
scaffold_2	10000	20000	0.4922
scaffold_2	20000	30000	0.5003
scaffold_2	30000	40000	0.4713
scaffold_2	40000	50000	0.5076
scaffold_2	50000	60000	0.4974
scaffold_2	60000	70000	0.4625
scaffold_2	70000	80000	0.4569
scaffold_2	80000	90000	0.4599
scaffold_2	90000	100000	0.4695
scaffold_2	100000	110000	0.4316
scaffold_2	110000	120000	0.481
scaffold_2	120000	130000	0.4508
scaffold_2	130000	140000	0.4924
scaffold_2	140000	150000	0.4796
scaffold_2	150000	160000	0.4954
scaffold_2	160000	170000	0.4944
scaffold_2	170000	180000	0.4568
scaffold_2	180000	190000	0.4605
scaffold_2	190000	200000	0.478
scaffold_2	200000	210000	0.4638
scaffold_2	210000	220000	0.4643
scaffold_2	220000	230000	0.4558
scaffold_2	230000	240000	0.4807
scaffold_2	240000	250000	0.4745
scaffold_2	250000	260000	0.4415
scaffold_2	260000	270000	0.4549
scaffold_2	270000	280000	0.4367
scaffold_2	280000	290000	0.4709
scaffold_2	290000	300000	0.4561
scaffold_2	300000	310000	0.4695
scaffold_2	310000	320000	0.5118
scaffold_2	320000	330000	0.4708
scaffold_2	330000	340000	0.462
scaffold_2	340000	350000	0.4751
scaffold_2	350000	360000	0.4941
scaffold_2	360000	370000	0.4899
scaffold_2	370000	380000	0.4858
scaffold_2	380000	390000	0.4494
scaffold_2	390000	400000	0.474
scaffold_2	400000	410000	0.4775
scaffold_2	410000	420000	0.4764
scaffold_2	420000	430000	0.451
scaffold_2	430000	440000	0.5022
scaffold_2	440000	450000	0.4813
scaffold_2	450000	460000	0.5245
scaffold_2	460000	470000	0.491
scaffold_2	470000	480000	0.4459
scaffold_2	480000	490000	0.4833
scaffold_2	490000	500000	0.4712
scaffold_2	500000	510000	0.5012
scaffold_2	510000	520000	0.4799
scaffold_2	520000	530000	0.4936
scaffold_2	530000	540000	0.4882
scaffold_2	540000	550000	0.4452
scaffold_2	550000	560000	0.4887
scaffold_2	560000	570000	0.5073
scaffold_2	570000	580000	0.4855
scaffold_2	580000	590000	0.4327
scaffold_2	590000	600000	0.4568
scaffold_2	600000	610000	0.4956
scaffold_2	610000	620000	0.4051
scaffold_2	620000	630000	0.4794
scaffold_2	630000	640000	0.4707
scaffold_2	640000	650000	0.5171
scaffold_2	650000	660000	0.4781
scaffold_2	660000	670000	0.4802
scaffold_2	670000	680000	0.4834
scaffold_2	680000	690000	0.4479
scaffold_2	690000	700000	0.4664
scaffold_2	700000	710000	0.4836
scaffold_2	710000	720000	0.475
scaffold_2	720000	730000	0.4952
scaffold_2	730000	740000	0.5214
scaffold_2	740000	750000	0.4562
scaffold_2	750000	760000	0.4659
scaffold_2	760000	770000	0.4654
scaffold_2	770000	780000	0.4783
scaffold_2	780000	790000	0.4751
scaffold_2	790000	800000	0.4568
scaffold_2	800000	810000	0.4826
scaffold_2	810000	820000	0.4861
scaffold_2	820000	830000	0.48
scaffold_2	830000	840000	0.483
scaffold_2	840000	850000	0.4313
scaffold_2	850000	860000	0.44
scaffold_2	860000	870000	0.4727
scaffold_2	870000	880000	0.5271
scaffold_2	880000	890000	0.4927
scaffold_2	890000	900000	0.476
scaffold_2	900000	910000	0.4718
scaffold_2	910000	920000	0.4867
scaffold_2	920000	930000	0.4724
scaffold_2	930000	940000	0.5005
scaffold_2	940000	950000	0.4689
scaffold_2	950000	960000	0.4807
scaffold_2	960000	970000	0.4558
scaffold_2	970000	980000	0.4432
scaffold_2	980000	990000	0.4777
scaffold_2	990000	1000000	0.472
scaffold_2	1000000	1010000	0.4198
scaffold_2	1010000	1020000	0.4893
scaffold_2	1020000	1030000	0.4855
scaffold_2	1030000	1040000	0.4743
scaffold_2	1040000	1050000	0.4825
scaffold_2	1050000	1060000	0.4883
scaffold_2	1060000	1070000	0.4677
scaffold_2	1070000	1080000	0.5125
scaffold_2	1080000	1090000	0.4733
scaffold_2	1090000	1100000	0.4689
scaffold_2	1100000	1110000	0.5022
scaffold_2	1110000	1120000	0.4806
scaffold_2	1120000	1130000	0.4886
scaffold_2	1130000	1140000	0.4654
scaffold_2	1140000	1150000	0.4316
scaffold_2	1150000	1160000	0.4756
scaffold_2	1160000	1170000	0.5226
scaffold_2	1170000	1180000	0.4949
scaffold_2	1180000	1190000	0.5035
scaffold_2	1190000	1200000	0.4331
scaffold_2	1200000	1210000	0.4606
scaffold_2	1210000	1220000	0.4647
scaffold_2	1220000	1230000	0.4767
scaffold_2	1230000	1240000	0.4698
scaffold_2	1240000	1250000	0.476
scaffold_2	1250000	1260000	0.4408
scaffold_2	1260000	1270000	0.5149
scaffold_2	1270000	1280000	0.4748
scaffold_2	1280000	1290000	0.494
scaffold_2	1290000	1300000	0.4354
scaffold_2	1300000	1310000	0.4248
scaffold_2	1310000	1320000	0.4378
scaffold_2	1320000	1330000	0.4607
scaffold_2	1330000	1340000	0.5071
scaffold_2	1340000	1350000	0.4726
scaffold_2	1350000	1360000	0.499
scaffold_2	1360000	1370000	0.4549
scaffold_2	1370000	1380000	0.5114
scaffold_2	1380000	1390000	0.4427
scaffold_2	1390000	1400000	0.4341
scaffold_2	1400000	1410000	0.4486
scaffold_2	1410000	1420000	0.4489
scaffold_2	1420000	1430000	0.5101
scaffold_2	1430000	1440000	0.5104
scaffold_2	1440000	1450000	0.4285
scaffold_2	1450000	1460000	0.4728
scaffold_2	1460000	1470000	0.4904
scaffold_2	1470000	1480000	0.4743
scaffold_2	1480000	1490000	0.4523
scaffold_2	1490000	1500000	0.5138
scaffold_2	1500000	1510000	0.5007
scaffold_2	1510000	1520000	0.4651
scaffold_2	1520000	1530000	0.4429
scaffold_2	1530000	1540000	0.462
scaffold_2	1540000	1550000	0.4906
scaffold_2	1550000	1560000	0.4599
scaffold_2	1560000	1570000	0.4711
scaffold_2	1570000	1580000	0.4832
scaffold_2	1580000	1590000	0.5059
scaffold_2	1590000	1600000	0.4907
scaffold_2	1600000	1610000	0.4497
scaffold_2	1610000	1620000	0.4453
scaffold_2	1620000	1630000	0.4454
scaffold_2	1630000	1640000	0.4929
scaffold_2	1640000	1650000	0.4557
scaffold_2	1650000	1660000	0.4552
scaffold_2	1660000	1670000	0.4838
scaffold_2	1670000	1680000	0.5008
scaffold_2	1680000	1690000	0.4901
scaffold_2	1690000	1700000	0.4775
scaffold_2	1700000	1710000	0.501
scaffold_2	1710000	1720000	0.444
scaffold_2	1720000	1730000	0.4448
scaffold_2	1730000	1740000	0.4661
scaffold_2	1740000	1750000	0.4666
scaffold_2	1750000	1760000	0.487
scaffold_2	1760000	1770000	0.4332
scaffold_2	1770000	1780000	0.4424
scaffold_2	1780000	1790000	0.4504
scaffold_2	1790000	1800000	0.4595
scaffold_2	1800000	1810000	0.4478
scaffold_2	1810000	1820000	0.479
scaffold_2	1820000	1830000	0.4796
scaffold_2	1830000	1840000	0.4524
scaffold_2	1840000	1850000	0.4305
scaffold_2	1850000	1860000	0.452
scaffold_2	1860000	1870000	0.4522
scaffold_2	1870000	1880000	0.4455
scaffold_2	1880000	1890000	0.4712
scaffold_2	1890000	1900000	0.4888
scaffold_2	1900000	1910000	0.4343
scaffold_2	1910000	1920000	0.4657
scaffold_2	1920000	1930000	0.4545
scaffold_2	1930000	1940000	0.4956
scaffold_2	1940000	1950000	0.4866
scaffold_2	1950000	1960000	0.4692
scaffold_2	1960000	1970000	0.4624
scaffold_2	1970000	1980000	0.4563
scaffold_2	1980000	1990000	0.478
scaffold_2	1990000	2000000	0.4373
scaffold_2	2000000	2010000	0.4732
scaffold_2	2010000	2020000	0.4787
scaffold_2	2020000	2030000	0.4499
scaffold_2	2030000	2040000	0.4514
scaffold_2	2040000	2050000	0.4649
scaffold_2	2050000	2060000	0.4789
scaffold_2	2060000	2070000	0.4487
scaffold_2	2070000	2080000	0.4612
scaffold_2	2080000	2090000	0.456
scaffold_2	2090000	2100000	0.4417
scaffold_2	2100000	2110000	0.4626
scaffold_2	2110000	2120000	0.4481
scaffold_2	2120000	2130000	0.4767
scaffold_2	2130000	2140000	0.4861
scaffold_2	2140000	2150000	0.4273
scaffold_2	2150000	2160000	0.3712
scaffold_2	2160000	2170000	0.453
scaffold_2	2170000	2180000	0.4384
scaffold_2	2180000	2190000	0.4797
scaffold_2	2190000	2200000	0.4604
scaffold_2	2200000	2210000	0.4466
scaffold_2	2210000	2220000	0.4515
scaffold_2	2220000	2230000	0.4627
scaffold_2	2230000	2240000	0.4683
scaffold_2	2240000	2250000	0.4906
scaffold_2	2250000	2260000	0.4307
scaffold_2	2260000	2270000	0.4345
scaffold_2	2270000	2280000	0.4419
scaffold_2	2280000	2290000	0.4781
scaffold_2	2290000	2300000	0.4497
scaffold_2	2300000	2310000	0.421
scaffold_2	2310000	2320000	0.415
scaffold_2	2320000	2330000	0.5039
scaffold_2	2330000	2340000	0.437
scaffold_2	2340000	2350000	0.4609
scaffold_2	2350000	2360000	0.4774
scaffold_2	2360000	2370000	0.4967
scaffold_2	2370000	2380000	0.4565
scaffold_2	2380000	2390000	0.4761
scaffold_2	2390000	2400000	0.4468
scaffold_2	2400000	2410000	0.4189
scaffold_2	2410000	2420000	0.4421
scaffold_2	2420000	2430000	0.4685
scaffold_2	2430000	2440000	0.5043
scaffold_2	2440000	2450000	0.4506
scaffold_2	2450000	2460000	0.4465
scaffold_2	2460000	2470000	0.462
scaffold_2	2470000	2480000	0.4447
scaffold_2	2480000	2490000	0.495
scaffold_2	2490000	2500000	0.5
scaffold_2	2500000	2510000	0.4752
scaffold_2	2510000	2520000	0.4298
scaffold_2	2520000	2530000	0.4784
scaffold_2	2530000	2540000	0.5081
scaffold_2	2540000	2550000	0.4923
scaffold_2	2550000	2560000	0.4136
scaffold_2	2560000	2570000	0.4552
scaffold_2	2570000	2580000	0.4663
scaffold_2	2580000	2590000	0.4861
scaffold_2	2590000	2600000	0.4971
scaffold_2	2600000	2610000	0.439
scaffold_2	2610000	2620000	0.5028
scaffold_2	2620000	2630000	0.4824
scaffold_2	2630000	2640000	0.4409
scaffold_2	2640000	2650000	0.4222
scaffold_2	2650000	2660000	0.4414
scaffold_2	2660000	2670000	0.4592
scaffold_2	2670000	2680000	0.4743
scaffold_2	2680000	2690000	0.4463
scaffold_2	2690000	2700000	0.4906
scaffold_2	2700000	2710000	0.4915
scaffold_2	2710000	2720000	0.4731
scaffold_2	2720000	2730000	0.4605
scaffold_2	2730000	2740000	0.458
scaffold_2	2740000	2750000	0.4925
scaffold_2	2750000	2760000	0.464
scaffold_2	2760000	2770000	0.481
scaffold_2	2770000	2780000	0.4788
scaffold_2	2780000	2790000	0.4893
scaffold_2	2790000	2800000	0.4752
scaffold_2	2800000	2810000	0.4962
scaffold_2	2810000	2820000	0.4526
scaffold_2	2820000	2830000	0.4736
scaffold_2	2830000	2840000	0.4586
scaffold_2	2840000	2850000	0.4627
scaffold_2	2850000	2860000	0.4912
scaffold_2	2860000	2870000	0.4597
scaffold_2	2870000	2880000	0.4993
scaffold_2	2880000	2890000	0.478
scaffold_2	2890000	2900000	0.4697
scaffold_2	2900000	2910000	0.4522
scaffold_2	2910000	2920000	0.4517
scaffold_2	2920000	2930000	0.434
scaffold_2	2930000	2940000	0.484
scaffold_2	2940000	2950000	0.5058
scaffold_2	2950000	2960000	0.4817
scaffold_2	2960000	2970000	0.4687
scaffold_2	2970000	2980000	0.4791
scaffold_2	2980000	2990000	0.4876
scaffold_2	2990000	3000000	0.4772
scaffold_2	3000000	3010000	0.4994
scaffold_2	3010000	3020000	0.482
scaffold_2	3020000	3030000	0.4905
scaffold_2	3030000	3040000	0.4542
scaffold_2	3040000	3050000	0.5054
scaffold_2	3050000	3060000	0.4412
scaffold_2	3060000	3070000	0.4437
scaffold_2	3070000	3080000	0.4485
scaffold_2	3080000	3090000	0.4324
scaffold_2	3090000	3100000	0.4789
scaffold_2	3100000	3110000	0.4964
scaffold_2	3110000	3120000	0.4641
scaffold_2	3120000	3130000	0.4788
scaffold_2	3130000	3140000	0.4386
scaffold_2	3140000	3150000	0.4284
scaffold_2	3150000	3160000	0.4902
scaffold_2	3160000	3170000	0.4578
scaffold_2	3170000	3180000	0.4442
scaffold_2	3180000	3190000	0.4687
scaffold_2	3190000	3200000	0.4925
scaffold_2	3200000	3210000	0.4956
scaffold_2	3210000	3220000	0.4992
scaffold_2	3220000	3230000	0.4836
scaffold_2	3230000	3240000	0.5448
scaffold_2	3240000	3250000	0.4346
scaffold_2	3250000	3260000	0.4751
scaffold_2	3260000	3270000	0.4414
scaffold_2	3270000	3280000	0.5001
scaffold_2	3280000	3290000	0.4508
scaffold_2	3290000	3300000	0.4381
scaffold_2	3300000	3310000	0.5018
scaffold_2	3310000	3320000	0.4325
scaffold_2	3320000	3330000	0.4821
scaffold_2	3330000	3340000	0.4868
scaffold_2	3340000	3350000	0.4806
scaffold_2	3350000	3360000	0.4399
scaffold_2	3360000	3370000	0.4844
scaffold_2	3370000	3380000	0.4887
scaffold_2	3380000	3390000	0.4871
scaffold_2	3390000	3400000	0.5055
scaffold_2	3400000	3410000	0.5409
scaffold_2	3410000	3420000	0.5273
scaffold_2	3420000	3430000	0.4649
scaffold_2	3430000	3440000	0.4942
scaffold_2	3440000	3450000	0.4473
scaffold_2	3450000	3460000	0.4936
scaffold_2	3460000	3470000	0.4582
scaffold_2	3470000	3480000	0.4862
scaffold_2	3480000	3490000	0.4781
scaffold_2	3490000	3500000	0.474
scaffold_2	3500000	3510000	0.4839
scaffold_2	3510000	3520000	0.4556
scaffold_2	3520000	3530000	0.483
scaffold_2	3530000	3540000	0.4485
scaffold_2	3540000	3550000	0.4764
scaffold_2	3550000	3560000	0.46
scaffold_2	3560000	3570000	0.4881
scaffold_2	3570000	3580000	0.4739
scaffold_2	3580000	3590000	0.4304
scaffold_2	3590000	3600000	0.4934
scaffold_2	3600000	3610000	0.4607
scaffold_2	3610000	3620000	0.472
scaffold_2	3620000	3630000	0.5211
scaffold_2	3630000	3640000	0.4642
scaffold_2	3640000	3650000	0.4746
scaffold_2	3650000	3660000	0.4768
scaffold_2	3660000	3670000	0.4615
scaffold_2	3670000	3680000	0.405
scaffold_2	3680000	3690000	0.4448
scaffold_2	3690000	3700000	0.466
scaffold_2	3700000	3710000	0.4383
scaffold_2	3710000	3720000	0.4501
scaffold_2	3720000	3730000	0.4781
scaffold_2	3730000	3740000	0.4668
scaffold_2	3740000	3750000	0.4603
scaffold_2	3750000	3760000	0.4979
scaffold_2	3760000	3770000	0.4708
scaffold_2	3770000	3780000	0.4774
scaffold_2	3780000	3790000	0.463
scaffold_2	3790000	3800000	0.4799
scaffold_2	3800000	3810000	0.4871
scaffold_2	3810000	3820000	0.4806
scaffold_2	3820000	3830000	0.4479
scaffold_2	3830000	3840000	0.4296
scaffold_2	3840000	3850000	0.4993
scaffold_2	3850000	3860000	0.479
scaffold_2	3860000	3870000	0.4785
scaffold_2	3870000	3880000	0.4522
scaffold_2	3880000	3890000	0.4322
scaffold_2	3890000	3900000	0.4272
scaffold_2	3900000	3910000	0.4613
scaffold_2	3910000	3920000	0.4621
scaffold_2	3920000	3930000	0.4835
scaffold_2	3930000	3940000	0.4771
scaffold_2	3940000	3950000	0.4676
scaffold_2	3950000	3960000	0.4726
scaffold_2	3960000	3970000	0.4798
scaffold_2	3970000	3980000	0.4494
scaffold_2	3980000	3990000	0.4596
scaffold_2	3990000	4000000	0.4502
scaffold_2	4000000	4010000	0.4745
scaffold_2	4010000	4020000	0.4598
scaffold_2	4020000	4030000	0.4548
scaffold_2	4030000	4040000	0.4808
scaffold_2	4040000	4050000	0.4897
scaffold_2	4050000	4060000	0.4607
scaffold_2	4060000	4070000	0.4761
scaffold_2	4070000	4080000	0.434
scaffold_2	4080000	4090000	0.4936
scaffold_2	4090000	4100000	0.465
scaffold_2	4100000	4110000	0.4802
scaffold_2	4110000	4120000	0.4951
scaffold_2	4120000	4130000	0.4575
scaffold_2	4130000	4140000	0.4128
scaffold_2	4140000	4150000	0.4625
scaffold_2	4150000	4160000	0.4745
scaffold_2	4160000	4170000	0.4798
scaffold_2	4170000	4180000	0.4713
scaffold_2	4180000	4190000	0.4962
scaffold_2	4190000	4200000	0.5036
scaffold_2	4200000	4210000	0.4531
scaffold_2	4210000	4220000	0.4347
scaffold_2	4220000	4230000	0.5254
scaffold_2	4230000	4240000	0.5052
scaffold_2	4240000	4250000	0.4833
scaffold_2	4250000	4260000	0.4493
scaffold_2	4260000	4270000	0.4834
scaffold_2	4270000	4280000	0.4751
scaffold_2	4280000	4290000	0.4674
scaffold_2	4290000	4300000	0.4726
scaffold_2	4300000	4310000	0.4301
scaffold_2	4310000	4320000	0.4275
scaffold_2	4320000	4330000	0.4391
scaffold_2	4330000	4340000	0.4914
scaffold_2	4340000	4350000	0.4759
scaffold_2	4350000	4360000	0.4545
scaffold_2	4360000	4370000	0.4445
scaffold_2	4370000	4380000	0.4865
scaffold_2	4380000	4390000	0.4599
scaffold_2	4390000	4400000	0.4488
scaffold_2	4400000	4410000	0.4511
scaffold_2	4410000	4420000	0.4425
scaffold_2	4420000	4430000	0.484
scaffold_2	4430000	4440000	0.4796
scaffold_2	4440000	4450000	0.4413
scaffold_2	4450000	4460000	0.4735
scaffold_2	4460000	4470000	0.4545
scaffold_2	4470000	4480000	0.4793
scaffold_2	4480000	4490000	0.4952
scaffold_2	4490000	4500000	0.4384
scaffold_2	4500000	4510000	0.4639
scaffold_2	4510000	4520000	0.4724
scaffold_2	4520000	4530000	0.4461
scaffold_2	4530000	4540000	0.4703
scaffold_2	4540000	4550000	0.476
scaffold_2	4550000	4557430	0.43284
scaffold_3	0	10000	0.4537
scaffold_3	10000	20000	0.4623
scaffold_3	20000	30000	0.4437
scaffold_3	30000	40000	0.4525
scaffold_3	40000	50000	0.4692
scaffold_3	50000	60000	0.4651
scaffold_3	60000	70000	0.4978
scaffold_3	70000	80000	0.4774
scaffold_3	80000	90000	0.4622
scaffold_3	90000	100000	0.4915
scaffold_3	100000	110000	0.4705
scaffold_3	110000	120000	0.4796
scaffold_3	120000	130000	0.4975
scaffold_3	130000	140000	0.4959
scaffold_3	140000	150000	0.5073
scaffold_3	150000	160000	0.4887
scaffold_3	160000	170000	0.4746
scaffold_3	170000	180000	0.4611
scaffold_3	180000	190000	0.5286
scaffold_3	190000	200000	0.5038
scaffold_3	200000	210000	0.4836
scaffold_3	210000	220000	0.5103
scaffold_3	220000	230000	0.4984
scaffold_3	230000	240000	0.4914
scaffold_3	240000	250000	0.4787
scaffold_3	250000	260000	0.4927
scaffold_3	260000	270000	0.5147
scaffold_3	270000	280000	0.5154
scaffold_3	280000	290000	0.5023
scaffold_3	290000	300000	0.5332
scaffold_3	300000	310000	0.4502
scaffold_3	310000	320000	0.4062
scaffold_3	320000	330000	0.4376
scaffold_3	330000	340000	0.4549
scaffold_3	340000	350000	0.486
scaffold_3	350000	360000	0.472
scaffold_3	360000	370000	0.4843
scaffold_3	370000	380000	0.461
scaffold_3	380000	390000	0.4809
scaffold_3	390000	400000	0.5088
scaffold_3	400000	410000	0.4957
scaffold_3	410000	420000	0.4277
scaffold_3	420000	430000	0.4543
scaffold_3	430000	440000	0.4635
scaffold_3	440000	450000	0.4755
scaffold_3	450000	460000	0.4541
scaffold_3	460000	470000	0.4733
scaffold_3	470000	480000	0.4608
scaffold_3	480000	490000	0.4714
scaffold_3	490000	500000	0.3853
scaffold_3	500000	510000	0.4183
scaffold_3	510000	520000	0.4457
scaffold_3	520000	530000	0.4586
scaffold_3	530000	540000	0.4473
scaffold_3	540000	550000	0.4371
scaffold_3	550000	560000	0.4661
scaffold_3	560000	570000	0.4644
scaffold_3	570000	580000	0.4822
scaffold_3	580000	590000	0.4303
scaffold_3	590000	600000	0.4625
scaffold_3	600000	610000	0.4647
scaffold_3	610000	620000	0.4819
scaffold_3	620000	630000	0.4795
scaffold_3	630000	640000	0.5035
scaffold_3	640000	650000	0.4996
scaffold_3	650000	660000	0.4904
scaffold_3	660000	670000	0.4758
scaffold_3	670000	680000	0.4476
scaffold_3	680000	690000	0.4866
scaffold_3	690000	700000	0.459
scaffold_3	700000	710000	0.4644
scaffold_3	710000	720000	0.4805
scaffold_3	720000	730000	0.5143
scaffold_3	730000	740000	0.4703
scaffold_3	740000	750000	0.4937
scaffold_3	750000	760000	0.4589
scaffold_3	760000	770000	0.4586
scaffold_3	770000	780000	0.501
scaffold_3	780000	790000	0.5072
scaffold_3	790000	800000	0.4922
scaffold_3	800000	810000	0.4893
scaffold_3	810000	820000	0.4334
scaffold_3	820000	830000	0.4729
scaffold_3	830000	840000	0.4942
scaffold_3	840000	850000	0.4473
scaffold_3	850000	860000	0.4435
scaffold_3	860000	870000	0.4645
scaffold_3	870000	880000	0.4974
scaffold_3	880000	890000	0.4576
scaffold_3	890000	900000	0.481
scaffold_3	900000	910000	0.4944
scaffold_3	910000	920000	0.507
scaffold_3	920000	930000	0.4855
scaffold_3	930000	940000	0.4484
scaffold_3	940000	950000	0.4599
scaffold_3	950000	960000	0.4476
scaffold_3	960000	970000	0.4795
scaffold_3	970000	980000	0.4613
scaffold_3	980000	990000	0.4753
scaffold_3	990000	1000000	0.4729
scaffold_3	1000000	1010000	0.4673
scaffold_3	1010000	1020000	0.4715
scaffold_3	1020000	1030000	0.4739
scaffold_3	1030000	1040000	0.4555
scaffold_3	1040000	1050000	0.4278
scaffold_3	1050000	1060000	0.4288
scaffold_3	1060000	1070000	0.4563
scaffold_3	1070000	1080000	0.5109
scaffold_3	1080000	1090000	0.5076
scaffold_3	1090000	1100000	0.4391
scaffold_3	1100000	1110000	0.4493
scaffold_3	1110000	1120000	0.4757
scaffold_3	1120000	1130000	0.4536
scaffold_3	1130000	1140000	0.4795
scaffold_3	1140000	1150000	0.479
scaffold_3	1150000	1160000	0.4934
scaffold_3	1160000	1170000	0.4681
scaffold_3	1170000	1180000	0.4667
scaffold_3	1180000	1190000	0.4701
scaffold_3	1190000	1200000	0.4759
scaffold_3	1200000	1210000	0.4741
scaffold_3	1210000	1220000	0.5019
scaffold_3	1220000	1230000	0.4957
scaffold_3	1230000	1240000	0.5122
scaffold_3	1240000	1250000	0.471
scaffold_3	1250000	1260000	0.4241
scaffold_3	1260000	1270000	0.49
scaffold_3	1270000	1280000	0.4893
scaffold_3	1280000	1290000	0.5013
scaffold_3	1290000	1300000	0.4662
scaffold_3	1300000	1310000	0.4666
scaffold_3	1310000	1320000	0.4748
scaffold_3	1320000	1330000	0.4968
scaffold_3	1330000	1340000	0.4573
scaffold_3	1340000	1350000	0.4882
scaffold_3	1350000	1360000	0.4696
scaffold_3	1360000	1370000	0.4718
scaffold_3	1370000	1380000	0.4594
scaffold_3	1380000	1390000	0.4834
scaffold_3	1390000	1400000	0.4382
scaffold_3	1400000	1410000	0.4383
scaffold_3	1410000	1420000	0.4169
scaffold_3	1420000	1430000	0.4355
scaffold_3	1430000	1440000	0.4331
scaffold_3	1440000	1450000	0.425
scaffold_3	1450000	1460000	0.4501
scaffold_3	1460000	1470000	0.4717
scaffold_3	1470000	1480000	0.455
scaffold_3	1480000	1490000	0.4648
scaffold_3	1490000	1500000	0.4814
scaffold_3	1500000	1510000	0.4697
scaffold_3	1510000	1520000	0.4039
scaffold_3	1520000	1530000	0.4545
scaffold_3	1530000	1540000	0.476
scaffold_3	1540000	1550000	0.4847
scaffold_3	1550000	1560000	0.4789
scaffold_3	1560000	1570000	0.4705
scaffold_3	1570000	1580000	0.4723
scaffold_3	1580000	1590000	0.4382
scaffold_3	1590000	1600000	0.4487
scaffold_3	1600000	1610000	0.4689
scaffold_3	1610000	1620000	0.4783
scaffold_3	1620000	1630000	0.4682
scaffold_3	1630000	1640000	0.4983
scaffold_3	1640000	1650000	0.497
scaffold_3	1650000	1660000	0.4217
scaffold_3	1660000	1670000	0.4756
scaffold_3	1670000	1680000	0.488
scaffold_3	1680000	1690000	0.4967
scaffold_3	1690000	1700000	0.4903
scaffold_3	1700000	1710000	0.4756
scaffold_3	1710000	1720000	0.5175
scaffold_3	1720000	1730000	0.4692
scaffold_3	1730000	1740000	0.4719
scaffold_3	1740000	1750000	0.4592
scaffold_3	1750000	1760000	0.4504
scaffold_3	1760000	1770000	0.467
scaffold_3	1770000	1780000	0.4459
scaffold_3	1780000	1790000	0.4986
scaffold_3	1790000	1800000	0.4681
scaffold_3	1800000	1810000	0.4806
scaffold_3	1810000	1820000	0.4837
scaffold_3	1820000	1830000	0.4905
scaffold_3	1830000	1840000	0.4717
scaffold_3	1840000	1850000	0.5016
scaffold_3	1850000	1860000	0.4918
scaffold_3	1860000	1870000	0.5057
scaffold_3	1870000	1880000	0.4522
scaffold_3	1880000	1890000	0.485
scaffold_3	1890000	1900000	0.4957
scaffold_3	1900000	1910000	0.4918
scaffold_3	1910000	1920000	0.512
scaffold_3	1920000	1930000	0.4757
scaffold_3	1930000	1940000	0.4889
scaffold_3	1940000	1950000	0.5152
scaffold_3	1950000	1960000	0.4938
scaffold_3	1960000	1970000	0.4543
scaffold_3	1970000	1980000	0.4481
scaffold_3	1980000	1990000	0.4996
scaffold_3	1990000	2000000	0.5208
scaffold_3	2000000	2010000	0.4567
scaffold_3	2010000	2020000	0.4911
scaffold_3	2020000	2030000	0.4755
scaffold_3	2030000	2040000	0.509
scaffold_3	2040000	2050000	0.4171
scaffold_3	2050000	2060000	0.4589
scaffold_3	2060000	2070000	0.4817
scaffold_3	2070000	2080000	0.4789
scaffold_3	2080000	2090000	0.5033
scaffold_3	2090000	2100000	0.4602
scaffold_3	2100000	2110000	0.4627
scaffold_3	2110000	2120000	0.446
scaffold_3	2120000	2130000	0.4634
scaffold_3	2130000	2140000	0.4555
scaffold_3	2140000	2150000	0.4206
scaffold_3	2150000	2160000	0.4484
scaffold_3	2160000	2170000	0.4849
scaffold_3	2170000	2180000	0.472
scaffold_3	2180000	2190000	0.4589
scaffold_3	2190000	2200000	0.4675
scaffold_3	2200000	2210000	0.4456
scaffold_3	2210000	2220000	0.485
scaffold_3	2220000	2230000	0.4599
scaffold_3	2230000	2240000	0.4778
scaffold_3	2240000	2250000	0.4362
scaffold_3	2250000	2260000	0.4861
scaffold_3	2260000	2270000	0.4869
scaffold_3	2270000	2280000	0.4789
scaffold_3	2280000	2290000	0.4848
scaffold_3	2290000	2300000	0.5017
scaffold_3	2300000	2310000	0.4729
scaffold_3	2310000	2320000	0.4554
scaffold_3	2320000	2330000	0.4791
scaffold_3	2330000	2340000	0.465
scaffold_3	2340000	2350000	0.4334
scaffold_3	2350000	2360000	0.4671
scaffold_3	2360000	2370000	0.4988
scaffold_3	2370000	2380000	0.4396
scaffold_3	2380000	2390000	0.4931
scaffold_3	2390000	2400000	0.4744
scaffold_3	2400000	2410000	0.4397
scaffold_3	2410000	2420000	0.4914
scaffold_3	2420000	2430000	0.4902
scaffold_3	2430000	2440000	0.4928
scaffold_3	2440000	2450000	0.4833
scaffold_3	2450000	2460000	0.4861
scaffold_3	2460000	2470000	0.4631
scaffold_3	2470000	2480000	0.4623
scaffold_3	2480000	2490000	0.4663
scaffold_3	2490000	2500000	0.4846
scaffold_3	2500000	2510000	0.4741
scaffold_3	2510000	2520000	0.4186
scaffold_3	2520000	2530000	0.451
scaffold_3	2530000	2540000	0.4279
scaffold_3	2540000	2550000	0.4447
scaffold_3	2550000	2560000	0.4528
scaffold_3	2560000	2570000	0.4783
scaffold_3	2570000	2580000	0.4578
scaffold_3	2580000	2590000	0.4307
scaffold_3	2590000	2600000	0.4889
scaffold_3	2600000	2610000	0.4535
scaffold_3	2610000	2620000	0.4765
scaffold_3	2620000	2630000	0.4836
scaffold_3	2630000	2640000	0.4723
scaffold_3	2640000	2650000	0.4695
scaffold_3	2650000	2660000	0.4679
scaffold_3	2660000	2670000	0.4708
scaffold_3	2670000	2680000	0.4775
scaffold_3	2680000	2690000	0.4843
scaffold_3	2690000	2700000	0.4639
scaffold_3	2700000	2710000	0.4535
scaffold_3	2710000	2720000	0.4457
scaffold_3	2720000	2730000	0.47
scaffold_3	2730000	2740000	0.4852
scaffold_3	2740000	2750000	0.4858
scaffold_3	2750000	2760000	0.4813
scaffold_3	2760000	2770000	0.4835
scaffold_3	2770000	2780000	0.4768
scaffold_3	2780000	2790000	0.4448
scaffold_3	2790000	2800000	0.4914
scaffold_3	2800000	2810000	0.4584
scaffold_3	2810000	2820000	0.4969
scaffold_3	2820000	2830000	0.4615
scaffold_3	2830000	2840000	0.4691
scaffold_3	2840000	2850000	0.4952
scaffold_3	2850000	2860000	0.4592
scaffold_3	2860000	2870000	0.4764
scaffold_3	2870000	2880000	0.4957
scaffold_3	2880000	2890000	0.4821
scaffold_3	2890000	2900000	0.5175
scaffold_3	2900000	2910000	0.4827
scaffold_3	2910000	2920000	0.4723
scaffold_3	2920000	2930000	0.4286
scaffold_3	2930000	2940000	0.4461
scaffold_3	2940000	2950000	0.4684
scaffold_3	2950000	2960000	0.4737
scaffold_3	2960000	2970000	0.4748
scaffold_3	2970000	2980000	0.464
scaffold_3	2980000	2990000	0.4847
scaffold_3	2990000	3000000	0.4536
scaffold_3	3000000	3010000	0.4531
scaffold_3	3010000	3020000	0.4589
scaffold_3	3020000	3030000	0.475
scaffold_3	3030000	3040000	0.4664
scaffold_3	3040000	3050000	0.5084
scaffold_3	3050000	3060000	0.47
scaffold_3	3060000	3070000	0.4586
scaffold_3	3070000	3080000	0.4708
scaffold_3	3080000	3090000	0.4423
scaffold_3	3090000	3100000	0.4443
scaffold_3	3100000	3110000	0.4859
scaffold_3	3110000	3120000	0.455
scaffold_3	3120000	3130000	0.4689
scaffold_3	3130000	3140000	0.4593
scaffold_3	3140000	3150000	0.4741
scaffold_3	3150000	3160000	0.4913
scaffold_3	3160000	3170000	0.537
scaffold_3	3170000	3180000	0.4945
scaffold_3	3180000	3190000	0.5337
scaffold_3	3190000	3200000	0.4415
scaffold_3	3200000	3210000	0.4637
scaffold_3	3210000	3220000	0.5192
scaffold_3	3220000	3230000	0.4673
scaffold_3	3230000	3240000	0.5173
scaffold_3	3240000	3250000	0.4762
scaffold_3	3250000	3260000	0.4896
scaffold_3	3260000	3270000	0.4805
scaffold_3	3270000	3280000	0.5016
scaffold_3	3280000	3290000	0.4864
scaffold_3	3290000	3300000	0.5138
scaffold_3	3300000	3310000	0.498
scaffold_3	3310000	3320000	0.4593
scaffold_3	3320000	3330000	0.4319
scaffold_3	3330000	3340000	0.4905
scaffold_3	3340000	3350000	0.5043
scaffold_3	3350000	3360000	0.482
scaffold_3	3360000	3370000	0.4604
scaffold_3	3370000	3380000	0.4507
scaffold_3	3380000	3390000	0.5203
scaffold_3	3390000	3400000	0.4532
scaffold_3	3400000	3410000	0.4902
scaffold_3	3410000	3420000	0.4973
scaffold_3	3420000	3430000	0.4882
scaffold_3	3430000	3440000	0.4849
scaffold_3	3440000	3450000	0.5012
scaffold_3	3450000	3460000	0.4946
scaffold_3	3460000	3470000	0.4685
scaffold_3	3470000	3480000	0.4666
scaffold_3	3480000	3490000	0.4883
scaffold_3	3490000	3500000	0.4605
scaffold_3	3500000	3510000	0.4358
scaffold_3	3510000	3520000	0.4447
scaffold_3	3520000	3530000	0.4694
scaffold_3	3530000	3540000	0.439
scaffold_3	3540000	3550000	0.4682
scaffold_3	3550000	3560000	0.448
scaffold_3	3560000	3570000	0.4311
scaffold_3	3570000	3580000	0.5029
scaffold_3	3580000	3590000	0.4856
scaffold_3	3590000	3600000	0.4541
scaffold_3	3600000	3610000	0.5042
scaffold_3	3610000	3620000	0.4966
scaffold_3	3620000	3630000	0.464
scaffold_3	3630000	3640000	0.4605
scaffold_3	3640000	3650000	0.4858
scaffold_3	3650000	3660000	0.4827
scaffold_3	3660000	3670000	0.483
scaffold_3	3670000	3680000	0.4684
scaffold_3	3680000	3690000	0.5048
scaffold_3	3690000	3700000	0.4908
scaffold_3	3700000	3710000	0.4539
scaffold_3	3710000	3720000	0.4613
scaffold_3	3720000	3730000	0.4732
scaffold_3	3730000	3740000	0.4931
scaffold_3	3740000	3750000	0.4529
scaffold_3	3750000	3760000	0.4854
scaffold_3	3760000	3770000	0.4671
scaffold_3	3770000	3780000	0.4944
scaffold_3	3780000	3790000	0.4454
scaffold_3	3790000	3800000	0.508
scaffold_3	3800000	3810000	0.4535
scaffold_3	3810000	3820000	0.4869
scaffold_3	3820000	3830000	0.4882
scaffold_3	3830000	3840000	0.4412
scaffold_3	3840000	3850000	0.4532
scaffold_3	3850000	3860000	0.4317
scaffold_3	3860000	3870000	0.4707
scaffold_3	3870000	3880000	0.4942
scaffold_3	3880000	3890000	0.4451
scaffold_3	3890000	3900000	0.4783
scaffold_3	3900000	3910000	0.4514
scaffold_3	3910000	3920000	0.4675
scaffold_3	3920000	3930000	0.4906
scaffold_3	3930000	3940000	0.4519
scaffold_3	3940000	3950000	0.4766
scaffold_3	3950000	3960000	0.4288
scaffold_3	3960000	3970000	0.4782
scaffold_3	3970000	3980000	0.4834
scaffold_3	3980000	3990000	0.4897
scaffold_3	3990000	4000000	0.4659
scaffold_3	4000000	4010000	0.4666
scaffold_3	4010000	4020000	0.4412
scaffold_3	4020000	4030000	0.5059
scaffold_3	4030000	4040000	0.435
scaffold_3	4040000	4050000	0.5434
scaffold_3	4050000	4060000	0.4785
scaffold_3	4060000	4070000	0.4647
scaffold_3	4070000	4080000	0.4538
scaffold_3	4080000	4090000	0.4824
scaffold_3	4090000	4100000	0.4626
scaffold_3	4100000	4110000	0.4738
scaffold_3	4110000	4120000	0.4715
scaffold_3	4120000	4130000	0.4429
scaffold_3	4130000	4140000	0.4465
scaffold_3	4140000	4150000	0.416
scaffold_3	4150000	4160000	0.4262
scaffold_3	4160000	4170000	0.4714
scaffold_3	4170000	4180000	0.47
scaffold_3	4180000	4190000	0.4857
scaffold_3	4190000	4200000	0.4272
scaffold_3	4200000	4210000	0.4595
scaffold_3	4210000	4220000	0.4889
scaffold_3	4220000	4230000	0.4312
scaffold_3	4230000	4240000	0.5098
scaffold_3	4240000	4250000	0.4361
scaffold_3	4250000	4260000	0.5134
scaffold_3	4260000	4270000	0.4514
scaffold_3	4270000	4280000	0.4707
scaffold_3	4280000	4290000	0.4877
scaffold_3	4290000	4300000	0.4733
scaffold_3	4300000	4310000	0.4712
scaffold_3	4310000	4320000	0.4784
scaffold_3	4320000	4330000	0.4712
scaffold_3	4330000	4340000	0.4976
scaffold_3	4340000	4350000	0.4628
scaffold_3	4350000	4360000	0.4639
scaffold_3	4360000	4370000	0.4572
scaffold_3	4370000	4380000	0.4787
scaffold_3	4380000	4385535	0.484553
scaffold_4	0	10000	0.474
scaffold_4	10000	20000	0.4256
scaffold_4	20000	30000	0.4753
scaffold_4	30000	40000	0.5068
scaffold_4	40000	50000	0.4956
scaffold_4	50000	60000	0.5058
scaffold_4	60000	70000	0.5255
scaffold_4	70000	80000	0.4848
scaffold_4	80000	90000	0.4882
scaffold_4	90000	100000	0.4811
scaffold_4	100000	110000	0.4802
scaffold_4	110000	120000	0.491
scaffold_4	120000	130000	0.4226
scaffold_4	130000	140000	0.4949
scaffold_4	140000	150000	0.4884
scaffold_4	150000	160000	0.5007
scaffold_4	160000	170000	0.481
scaffold_4	170000	180000	0.4825
scaffold_4	180000	190000	0.4908
scaffold_4	190000	200000	0.4742
scaffold_4	200000	210000	0.4933
scaffold_4	210000	220000	0.4854
scaffold_4	220000	230000	0.4598
scaffold_4	230000	240000	0.4395
scaffold_4	240000	250000	0.4822
scaffold_4	250000	260000	0.4923
scaffold_4	260000	270000	0.4725
scaffold_4	270000	280000	0.4667
scaffold_4	280000	290000	0.4447
scaffold_4	290000	300000	0.4656
scaffold_4	300000	310000	0.4622
scaffold_4	310000	320000	0.4922
scaffold_4	320000	330000	0.4781
scaffold_4	330000	340000	0.4417
scaffold_4	340000	350000	0.4435
scaffold_4	350000	360000	0.456
scaffold_4	360000	370000	0.4263
scaffold_4	370000	380000	0.4626
scaffold_4	380000	390000	0.4385
scaffold_4	390000	400000	0.4566
scaffold_4	400000	410000	0.3888
scaffold_4	410000	420000	0.4258
scaffold_4	420000	430000	0.4508
scaffold_4	430000	440000	0.4425
scaffold_4	440000	450000	0.477
scaffold_4	450000	460000	0.4759
scaffold_4	460000	470000	0.446
scaffold_4	470000	480000	0.481
scaffold_4	480000	490000	0.4359
scaffold_4	490000	500000	0.4615
scaffold_4	500000	510000	0.4911
scaffold_4	510000	520000	0.5004
scaffold_4	520000	530000	0.4919
scaffold_4	530000	540000	0.4572
scaffold_4	540000	550000	0.4477
scaffold_4	550000	560000	0.4603
scaffold_4	560000	570000	0.4803
scaffold_4	570000	580000	0.4822
scaffold_4	580000	590000	0.4785
scaffold_4	590000	600000	0.5134
scaffold_4	600000	610000	0.5043
scaffold_4	610000	620000	0.4862
scaffold_4	620000	630000	0.4911
scaffold_4	630000	640000	0.4983
scaffold_4	640000	650000	0.474
scaffold_4	650000	660000	0.4888
scaffold_4	660000	670000	0.4995
scaffold_4	670000	680000	0.4652
scaffold_4	680000	690000	0.4874
scaffold_4	690000	700000	0.4615
scaffold_4	700000	710000	0.4485
scaffold_4	710000	720000	0.4868
scaffold_4	720000	730000	0.4778
scaffold_4	730000	740000	0.446
scaffold_4	740000	750000	0.4692
scaffold_4	750000	760000	0.4564
scaffold_4	760000	770000	0.4507
scaffold_4	770000	780000	0.4284
scaffold_4	780000	790000	0.4933
scaffold_4	790000	800000	0.4702
scaffold_4	800000	810000	0.4345
scaffold_4	810000	820000	0.4442
scaffold_4	820000	830000	0.4685
scaffold_4	830000	840000	0.4747
scaffold_4	840000	850000	0.4746
scaffold_4	850000	860000	0.4725
scaffold_4	860000	870000	0.4783
scaffold_4	870000	880000	0.4847
scaffold_4	880000	890000	0.4523
scaffold_4	890000	900000	0.4685
scaffold_4	900000	910000	0.4667
scaffold_4	910000	920000	0.4511
scaffold_4	920000	930000	0.4301
scaffold_4	930000	940000	0.4722
scaffold_4	940000	950000	0.4863
scaffold_4	950000	960000	0.457
scaffold_4	960000	970000	0.4157
scaffold_4	970000	980000	0.5089
scaffold_4	980000	990000	0.5095
scaffold_4	990000	1000000	0.4554
scaffold_4	1000000	1010000	0.4974
scaffold_4	1010000	1020000	0.504
scaffold_4	1020000	1030000	0.4856
scaffold_4	1030000	1040000	0.46
scaffold_4	1040000	1050000	0.4887
scaffold_4	1050000	1060000	0.4604
scaffold_4	1060000	1070000	0.4967
scaffold_4	1070000	1080000	0.5174
scaffold_4	1080000	1090000	0.4904
scaffold_4	1090000	1100000	0.4912
scaffold_4	1100000	1110000	0.4492
scaffold_4	1110000	1120000	0.4411
scaffold_4	1120000	1130000	0.4662
scaffold_4	1130000	1140000	0.4643
scaffold_4	1140000	1150000	0.4741
scaffold_4	1150000	1160000	0.4599
scaffold_4	1160000	1170000	0.4875
scaffold_4	1170000	1180000	0.5054
scaffold_4	1180000	1190000	0.485
scaffold_4	1190000	1200000	0.4888
scaffold_4	1200000	1210000	0.4898
scaffold_4	1210000	1220000	0.4843
scaffold_4	1220000	1230000	0.4343
scaffold_4	1230000	1240000	0.5097
scaffold_4	1240000	1250000	0.4508
scaffold_4	1250000	1260000	0.4577
scaffold_4	1260000	1270000	0.4608
scaffold_4	1270000	1280000	0.4479
scaffold_4	1280000	1290000	0.4901
scaffold_4	1290000	1300000	0.4799
scaffold_4	1300000	1310000	0.4668
scaffold_4	1310000	1320000	0.4903
scaffold_4	1320000	1330000	0.5041
scaffold_4	1330000	1340000	0.4982
scaffold_4	1340000	1350000	0.4865
scaffold_4	1350000	1360000	0.478
scaffold_4	1360000	1370000	0.5217
scaffold_4	1370000	1380000	0.4649
scaffold_4	1380000	1390000	0.5077
scaffold_4	1390000	1400000	0.4969
scaffold_4	1400000	1410000	0.4643
scaffold_4	1410000	1420000	0.5162
scaffold_4	1420000	1430000	0.4596
scaffold_4	1430000	1440000	0.448
scaffold_4	1440000	1450000	0.4902
scaffold_4	1450000	1460000	0.5021
scaffold_4	1460000	1470000	0.4984
scaffold_4	1470000	1480000	0.525
scaffold_4	1480000	1490000	0.4617
scaffold_4	1490000	1500000	0.4969
scaffold_4	1500000	1510000	0.428
scaffold_4	1510000	1520000	0.4721
scaffold_4	1520000	1530000	0.4776
scaffold_4	1530000	1540000	0.4387
scaffold_4	1540000	1550000	0.4641
scaffold_4	1550000	1560000	0.4648
scaffold_4	1560000	1570000	0.4984
scaffold_4	1570000	1580000	0.4697
scaffold_4	1580000	1590000	0.4777
scaffold_4	1590000	1600000	0.4523
scaffold_4	1600000	1610000	0.466
scaffold_4	1610000	1620000	0.4724
scaffold_4	1620000	1630000	0.4615
scaffold_4	1630000	1640000	0.419
scaffold_4	1640000	1650000	0.4729
scaffold_4	1650000	1660000	0.4512
scaffold_4	1660000	1670000	0.4746
scaffold_4	1670000	1680000	0.4748
scaffold_4	1680000	1690000	0.4214
scaffold_4	1690000	1700000	0.4409
scaffold_4	1700000	1710000	0.4279
scaffold_4	1710000	1720000	0.4488
scaffold_4	1720000	1730000	0.4692
scaffold_4	1730000	1740000	0.4484
scaffold_4	1740000	1750000	0.4237
scaffold_4	1750000	1760000	0.4702
scaffold_4	1760000	1770000	0.4702
scaffold_4	1770000	1780000	0.4857
scaffold_4	1780000	1790000	0.4827
scaffold_4	1790000	1800000	0.4719
scaffold_4	1800000	1810000	0.4827
scaffold_4	1810000	1820000	0.5054
scaffold_4	1820000	1830000	0.4839
scaffold_4	1830000	1840000	0.4511
scaffold_4	1840000	1850000	0.481
scaffold_4	1850000	1860000	0.4361
scaffold_4	1860000	1870000	0.4981
scaffold_4	1870000	1880000	0.4403
scaffold_4	1880000	1890000	0.4948
scaffold_4	1890000	1900000	0.4638
scaffold_4	1900000	1910000	0.4525
scaffold_4	1910000	1920000	0.4761
scaffold_4	1920000	1930000	0.5084
scaffold_4	1930000	1940000	0.4803
scaffold_4	1940000	1950000	0.4885
scaffold_4	1950000	1960000	0.5206
scaffold_4	1960000	1970000	0.4953
scaffold_4	1970000	1980000	0.4463
scaffold_4	1980000	1990000	0.4519
scaffold_4	1990000	2000000	0.42
scaffold_4	2000000	2010000	0.4796
scaffold_4	2010000	2020000	0.4574
scaffold_4	2020000	2030000	0.4518
scaffold_4	2030000	2040000	0.4516
scaffold_4	2040000	2050000	0.4608
scaffold_4	2050000	2060000	0.4673
scaffold_4	2060000	2070000	0.4326
scaffold_4	2070000	2080000	0.4672
scaffold_4	2080000	2090000	0.4765
scaffold_4	2090000	2100000	0.4624
scaffold_4	2100000	2110000	0.4369
scaffold_4	2110000	2120000	0.4604
scaffold_4	2120000	2130000	0.4588
scaffold_4	2130000	2140000	0.4827
scaffold_4	2140000	2150000	0.4851
scaffold_4	2150000	2160000	0.4602
scaffold_4	2160000	2170000	0.477
scaffold_4	2170000	2180000	0.4582
scaffold_4	2180000	2190000	0.4659
scaffold_4	2190000	2200000	0.4862
scaffold_4	2200000	2210000	0.4943
scaffold_4	2210000	2220000	0.4695
scaffold_4	2220000	2230000	0.4576
scaffold_4	2230000	2240000	0.4793
scaffold_4	2240000	2250000	0.4942
scaffold_4	2250000	2260000	0.4257
scaffold_4	2260000	2270000	0.4816
scaffold_4	2270000	2280000	0.4541
scaffold_4	2280000	2290000	0.4978
scaffold_4	2290000	2300000	0.4946
scaffold_4	2300000	2310000	0.4789
scaffold_4	2310000	2320000	0.4566
scaffold_4	2320000	2330000	0.4933
scaffold_4	2330000	2340000	0.539
scaffold_4	2340000	2350000	0.4673
scaffold_4	2350000	2360000	0.429
scaffold_4	2360000	2370000	0.464
scaffold_4	2370000	2380000	0.4781
scaffold_4	2380000	2390000	0.4624
scaffold_4	2390000	2400000	0.4809
scaffold_4	2400000	2410000	0.463
scaffold_4	2410000	2420000	0.5057
scaffold_4	2420000	2430000	0.5055
scaffold_4	2430000	2440000	0.5144
scaffold_4	2440000	2450000	0.4805
scaffold_4	2450000	2460000	0.4759
scaffold_4	2460000	2470000	0.4968
scaffold_4	2470000	2480000	0.5015
scaffold_4	2480000	2490000	0.4685
scaffold_4	2490000	2491222	0.400982
scaffold_5	0	10000	0.4606
scaffold_5	10000	20000	0.4306
scaffold_5	20000	30000	0.4422
scaffold_5	30000	40000	0.4367
scaffold_5	40000	50000	0.4528
scaffold_5	50000	60000	0.4611
scaffold_5	60000	70000	0.4541
scaffold_5	70000	80000	0.457
scaffold_5	80000	90000	0.4825
scaffold_5	90000	100000	0.4872
scaffold_5	100000	110000	0.4553
scaffold_5	110000	120000	0.4532
scaffold_5	120000	130000	0.4941
scaffold_5	130000	140000	0.4871
scaffold_5	140000	150000	0.5148
scaffold_5	150000	160000	0.4933
scaffold_5	160000	170000	0.4737
scaffold_5	170000	180000	0.5115
scaffold_5	180000	190000	0.5434
scaffold_5	190000	200000	0.5331
scaffold_5	200000	210000	0.4945
scaffold_5	210000	220000	0.5234
scaffold_5	220000	230000	0.5031
scaffold_5	230000	240000	0.5296
scaffold_5	240000	250000	0.4817
scaffold_5	250000	260000	0.4901
scaffold_5	260000	270000	0.4751
scaffold_5	270000	280000	0.5164
scaffold_5	280000	290000	0.4655
scaffold_5	290000	300000	0.5009
scaffold_5	300000	310000	0.4804
scaffold_5	310000	320000	0.447
scaffold_5	320000	330000	0.4919
scaffold_5	330000	340000	0.4618
scaffold_5	340000	350000	0.4889
scaffold_5	350000	360000	0.4826
scaffold_5	360000	370000	0.4864
scaffold_5	370000	380000	0.404
scaffold_5	380000	390000	0.5176
scaffold_5	390000	400000	0.4728
scaffold_5	400000	410000	0.4616
scaffold_5	410000	420000	0.4627
scaffold_5	420000	430000	0.4809
scaffold_5	430000	440000	0.473
scaffold_5	440000	450000	0.4979
scaffold_5	450000	460000	0.5055
scaffold_5	460000	470000	0.4827
scaffold_5	470000	480000	0.488
scaffold_5	480000	490000	0.4796
scaffold_5	490000	500000	0.4882
scaffold_5	500000	510000	0.4698
scaffold_5	510000	520000	0.4402
scaffold_5	520000	530000	0.4404
scaffold_5	530000	540000	0.4628
scaffold_5	540000	550000	0.4852
scaffold_5	550000	560000	0.4609
scaffold_5	560000	570000	0.4879
scaffold_5	570000	580000	0.4941
scaffold_5	580000	590000	0.4831
scaffold_5	590000	600000	0.4962
scaffold_5	600000	610000	0.4978
scaffold_5	610000	620000	0.4858
scaffold_5	620000	630000	0.475
scaffold_5	630000	640000	0.4935
scaffold_5	640000	650000	0.4756
scaffold_5	650000	660000	0.4792
scaffold_5	660000	670000	0.5001
scaffold_5	670000	680000	0.4562
scaffold_5	680000	690000	0.4886
scaffold_5	690000	700000	0.463
scaffold_5	700000	710000	0.4609
scaffold_5	710000	720000	0.482
scaffold_5	720000	730000	0.4888
scaffold_5	730000	740000	0.5035
scaffold_5	740000	750000	0.4659
scaffold_5	750000	760000	0.4725
scaffold_5	760000	770000	0.5143
scaffold_5	770000	780000	0.4798
scaffold_5	780000	790000	0.4744
scaffold_5	790000	800000	0.4264
scaffold_5	800000	810000	0.4683
scaffold_5	810000	820000	0.4715
scaffold_5	820000	830000	0.5514
scaffold_5	830000	840000	0.5106
scaffold_5	840000	850000	0.4554
scaffold_5	850000	860000	0.5166
scaffold_5	860000	870000	0.4627
scaffold_5	870000	880000	0.4964
scaffold_5	880000	890000	0.4904
scaffold_5	890000	900000	0.4367
scaffold_5	900000	910000	0.5279
scaffold_5	910000	920000	0.483
scaffold_5	920000	930000	0.5
scaffold_5	930000	940000	0.4973
scaffold_5	940000	950000	0.4828
scaffold_5	950000	960000	0.4788
scaffold_5	960000	970000	0.5225
scaffold_5	970000	980000	0.4466
scaffold_5	980000	990000	0.4757
scaffold_5	990000	1000000	0.4582
scaffold_5	1000000	1010000	0.4497
scaffold_5	1010000	1020000	0.4632
scaffold_5	1020000	1030000	0.457
scaffold_5	1030000	1040000	0.462
scaffold_5	1040000	1050000	0.5096
scaffold_5	1050000	1060000	0.4948
scaffold_5	1060000	1070000	0.5412
scaffold_5	1070000	1080000	0.4964
scaffold_5	1080000	1090000	0.5147
scaffold_5	1090000	1100000	0.4951
scaffold_5	1100000	1110000	0.472
scaffold_5	1110000	1120000	0.4949
scaffold_5	1120000	1130000	0.446
scaffold_5	1130000	1140000	0.4805
scaffold_5	1140000	1150000	0.4775
scaffold_5	1150000	1160000	0.4686
scaffold_5	1160000	1170000	0.4469
scaffold_5	1170000	1180000	0.4656
scaffold_5	1180000	1190000	0.4416
scaffold_5	1190000	1200000	0.3844
scaffold_5	1200000	1210000	0.4404
scaffold_5	1210000	1220000	0.4723
scaffold_5	1220000	1230000	0.4727
scaffold_5	1230000	1240000	0.4518
scaffold_5	1240000	1250000	0.4437
scaffold_5	1250000	1260000	0.4935
scaffold_5	1260000	1270000	0.4561
scaffold_5	1270000	1280000	0.4472
scaffold_5	1280000	1290000	0.4781
scaffold_5	1290000	1300000	0.4664
scaffold_5	1300000	1310000	0.4754
scaffold_5	1310000	1320000	0.4719
scaffold_5	1320000	1330000	0.4672
scaffold_5	1330000	1340000	0.3856
scaffold_5	1340000	1350000	0.4713
scaffold_5	1350000	1360000	0.4471
scaffold_5	1360000	1370000	0.4817
scaffold_5	1370000	1380000	0.4979
scaffold_5	1380000	1390000	0.4959
scaffold_5	1390000	1400000	0.4657
scaffold_5	1400000	1410000	0.5044
scaffold_5	1410000	1420000	0.4731
scaffold_5	1420000	1430000	0.5195
scaffold_5	1430000	1440000	0.5556
scaffold_5	1440000	1450000	0.515
scaffold_5	1450000	1460000	0.5043
scaffold_5	1460000	1470000	0.5286
scaffold_5	1470000	1480000	0.5011
scaffold_5	1480000	1490000	0.4785
scaffold_5	1490000	1500000	0.5094
scaffold_5	1500000	1510000	0.4994
scaffold_5	1510000	1520000	0.4863
scaffold_5	1520000	1530000	0.5117
scaffold_5	1530000	1540000	0.4817
scaffold_5	1540000	1550000	0.4357
scaffold_5	1550000	1560000	0.4863
scaffold_5	1560000	1570000	0.4354
scaffold_5	1570000	1580000	0.4715
scaffold_5	1580000	1590000	0.4941
scaffold_5	1590000	1600000	0.4711
scaffold_5	1600000	1610000	0.4393
scaffold_5	1610000	1620000	0.449
scaffold_5	1620000	1630000	0.5008
scaffold_5	1630000	1640000	0.4637
scaffold_5	1640000	1650000	0.4978
scaffold_5	1650000	1660000	0.4677
scaffold_5	1660000	1670000	0.4776
scaffold_5	1670000	1680000	0.4972
scaffold_5	1680000	1690000	0.4881
scaffold_5	1690000	1700000	0.5122
scaffold_5	1700000	1710000	0.4635
scaffold_5	1710000	1720000	0.4707
scaffold_5	1720000	1730000	0.4914
scaffold_5	1730000	1740000	0.4917
scaffold_5	1740000	1750000	0.4941
scaffold_5	1750000	1760000	0.4737
scaffold_5	1760000	1770000	0.4863
scaffold_5	1770000	1780000	0.4845
scaffold_5	1780000	1790000	0.4688
scaffold_5	1790000	1800000	0.4714
scaffold_5	1800000	1810000	0.4544
scaffold_5	1810000	1820000	0.4874
scaffold_5	1820000	1830000	0.5042
scaffold_5	1830000	1840000	0.5074
scaffold_5	1840000	1850000	0.5119
scaffold_5	1850000	1860000	0.4637
scaffold_5	1860000	1870000	0.513
scaffold_5	1870000	1880000	0.5014
scaffold_5	1880000	1890000	0.4679
scaffold_5	1890000	1900000	0.4703
scaffold_5	1900000	1910000	0.4713
scaffold_5	1910000	1920000	0.4851
scaffold_5	1920000	1930000	0.4895
scaffold_5	1930000	1940000	0.4986
scaffold_5	1940000	1950000	0.5059
scaffold_5	1950000	1960000	0.5009
scaffold_5	1960000	1970000	0.4992
scaffold_5	1970000	1980000	0.4841
scaffold_5	1980000	1990000	0.4884
scaffold_5	1990000	2000000	0.4887
scaffold_5	2000000	2010000	0.4963
scaffold_5	2010000	2020000	0.4553
scaffold_5	2020000	2030000	0.4541
scaffold_5	2030000	2040000	0.4706
scaffold_5	2040000	2050000	0.4782
scaffold_5	2050000	2060000	0.4624
scaffold_5	2060000	2070000	0.4419
scaffold_5	2070000	2080000	0.4525
scaffold_5	2080000	2090000	0.4951
scaffold_5	2090000	2100000	0.4498
scaffold_5	2100000	2110000	0.4471
scaffold_5	2110000	2120000	0.4675
scaffold_5	2120000	2130000	0.4342
scaffold_5	2130000	2140000	0.4368
scaffold_5	2140000	2150000	0.4558
scaffold_5	2150000	2160000	0.5251
scaffold_5	2160000	2170000	0.4851
scaffold_5	2170000	2180000	0.4767
scaffold_5	2180000	2190000	0.4731
scaffold_5	2190000	2200000	0.4604
scaffold_5	2200000	2210000	0.4821
scaffold_5	2210000	2220000	0.4588
scaffold_5	2220000	2230000	0.4755
scaffold_5	2230000	2231147	0.460331
scaffold_6	0	10000	0.4526
scaffold_6	10000	20000	0.4721
scaffold_6	20000	30000	0.4802
scaffold_6	30000	40000	0.5046
scaffold_6	40000	50000	0.4669
scaffold_6	50000	60000	0.4557
scaffold_6	60000	70000	0.4655
scaffold_6	70000	80000	0.4515
scaffold_6	80000	90000	0.5003
scaffold_6	90000	100000	0.4601
scaffold_6	100000	110000	0.4464
scaffold_6	110000	120000	0.4811
scaffold_6	120000	130000	0.4568
scaffold_6	130000	140000	0.4844
scaffold_6	140000	150000	0.4725
scaffold_6	150000	160000	0.4665
scaffold_6	160000	170000	0.4727
scaffold_6	170000	180000	0.4933
scaffold_6	180000	190000	0.4664
scaffold_6	190000	200000	0.4968
scaffold_6	200000	210000	0.5008
scaffold_6	210000	220000	0.453
scaffold_6	220000	230000	0.487
scaffold_6	230000	240000	0.487
scaffold_6	240000	250000	0.4728
scaffold_6	250000	260000	0.4598
scaffold_6	260000	270000	0.4663
scaffold_6	270000	280000	0.4814
scaffold_6	280000	290000	0.4777
scaffold_6	290000	300000	0.4734
scaffold_6	300000	310000	0.4958
scaffold_6	310000	320000	0.4682
scaffold_6	320000	330000	0.4572
scaffold_6	330000	340000	0.4326
scaffold_6	340000	350000	0.4741
scaffold_6	350000	360000	0.494
scaffold_6	360000	370000	0.505
scaffold_6	370000	380000	0.507
scaffold_6	380000	390000	0.4407
scaffold_6	390000	400000	0.4815
scaffold_6	400000	410000	0.442
scaffold_6	410000	420000	0.4545
scaffold_6	420000	430000	0.4478
scaffold_6	430000	440000	0.481
scaffold_6	440000	450000	0.4909
scaffold_6	450000	460000	0.4426
scaffold_6	460000	470000	0.4625
scaffold_6	470000	480000	0.5001
scaffold_6	480000	490000	0.4742
scaffold_6	490000	500000	0.4754
scaffold_6	500000	510000	0.4782
scaffold_6	510000	520000	0.4716
scaffold_6	520000	530000	0.4648
scaffold_6	530000	540000	0.4955
scaffold_6	540000	550000	0.431
scaffold_6	550000	560000	0.4613
scaffold_6	560000	570000	0.4808
scaffold_6	570000	580000	0.4454
scaffold_6	580000	590000	0.4767
scaffold_6	590000	600000	0.4211
scaffold_6	600000	610000	0.4831
scaffold_6	610000	620000	0.4595
scaffold_6	620000	630000	0.4721
scaffold_6	630000	640000	0.4852
scaffold_6	640000	650000	0.4656
scaffold_6	650000	660000	0.4384
scaffold_6	660000	670000	0.42
scaffold_6	670000	680000	0.477
scaffold_6	680000	690000	0.464
scaffold_6	690000	700000	0.4605
scaffold_6	700000	710000	0.452
scaffold_6	710000	720000	0.4911
scaffold_6	720000	730000	0.4362
scaffold_6	730000	740000	0.4755
scaffold_6	740000	750000	0.4852
scaffold_6	750000	760000	0.422
scaffold_6	760000	770000	0.438
scaffold_6	770000	780000	0.458
scaffold_6	780000	790000	0.4848
scaffold_6	790000	800000	0.4573
scaffold_6	800000	810000	0.444
scaffold_6	810000	820000	0.4561
scaffold_6	820000	830000	0.4342
scaffold_6	830000	840000	0.4934
scaffold_6	840000	850000	0.458
scaffold_6	850000	860000	0.4461
scaffold_6	860000	870000	0.4244
scaffold_6	870000	880000	0.4293
scaffold_6	880000	890000	0.4488
scaffold_6	890000	900000	0.4426
scaffold_6	900000	910000	0.432
scaffold_6	910000	920000	0.4687
scaffold_6	920000	930000	0.4854
scaffold_6	930000	940000	0.4879
scaffold_6	940000	950000	0.4738
scaffold_6	950000	960000	0.5091
scaffold_6	960000	970000	0.4881
scaffold_6	970000	980000	0.4459
scaffold_6	980000	990000	0.492
scaffold_6	990000	1000000	0.4913
scaffold_6	1000000	1010000	0.4968
scaffold_6	1010000	1020000	0.5197
scaffold_6	1020000	1030000	0.5004
scaffold_6	1030000	1040000	0.5022
scaffold_6	1040000	1050000	0.5215
scaffold_6	1050000	1060000	0.493
scaffold_6	1060000	1070000	0.4786
scaffold_6	1070000	1080000	0.4466
scaffold_6	1080000	1090000	0.4728
scaffold_6	1090000	1100000	0.509
scaffold_6	1100000	1110000	0.515
scaffold_6	1110000	1120000	0.4962
scaffold_6	1120000	1130000	0.5111
scaffold_6	1130000	1140000	0.4889
scaffold_6	1140000	1150000	0.448
scaffold_6	1150000	1160000	0.4421
scaffold_6	1160000	1170000	0.5067
scaffold_6	1170000	1180000	0.4484
scaffold_6	1180000	1190000	0.4657
scaffold_6	1190000	1200000	0.501
scaffold_6	1200000	1210000	0.4852
scaffold_6	1210000	1220000	0.4564
scaffold_6	1220000	1230000	0.4617
scaffold_6	1230000	1240000	0.4759
scaffold_6	1240000	1250000	0.4698
scaffold_6	1250000	1260000	0.4748
scaffold_6	1260000	1270000	0.4588
scaffold_6	1270000	1280000	0.4525
scaffold_6	1280000	1290000	0.49
scaffold_6	1290000	1300000	0.4404
scaffold_6	1300000	1310000	0.4622
scaffold_6	1310000	1320000	0.4388
scaffold_6	1320000	1330000	0.3743
scaffold_6	1330000	1340000	0.4602
scaffold_6	1340000	1350000	0.4669
scaffold_6	1350000	1360000	0.4667
scaffold_6	1360000	1370000	0.4682
scaffold_6	1370000	1380000	0.4694
scaffold_6	1380000	1390000	0.4699
scaffold_6	1390000	1400000	0.4751
scaffold_6	1400000	1410000	0.4498
scaffold_6	1410000	1420000	0.4513
scaffold_6	1420000	1430000	0.4864
scaffold_6	1430000	1440000	0.4644
scaffold_6	1440000	1450000	0.4688
scaffold_6	1450000	1460000	0.4761
scaffold_6	1460000	1470000	0.457
scaffold_6	1470000	1480000	0.4734
scaffold_6	1480000	1490000	0.4764
scaffold_6	1490000	1500000	0.498
scaffold_6	1500000	1510000	0.4485
scaffold_6	1510000	1520000	0.4916
scaffold_6	1520000	1530000	0.4841
scaffold_6	1530000	1540000	0.517
scaffold_6	1540000	1550000	0.4951
scaffold_6	1550000	1560000	0.4451
scaffold_6	1560000	1570000	0.4861
scaffold_6	1570000	1580000	0.4849
scaffold_6	1580000	1590000	0.4463
scaffold_6	1590000	1600000	0.4799
scaffold_6	1600000	1610000	0.505
scaffold_6	1610000	1620000	0.5033
scaffold_6	1620000	1630000	0.4659
scaffold_6	1630000	1640000	0.4642
scaffold_6	1640000	1650000	0.495
scaffold_6	1650000	1660000	0.467
scaffold_6	1660000	1670000	0.4497
scaffold_6	1670000	1680000	0.4671
scaffold_6	1680000	1690000	0.4496
scaffold_6	1690000	1700000	0.4955
scaffold_6	1700000	1710000	0.4597
scaffold_6	1710000	1720000	0.498
scaffold_6	1720000	1730000	0.4733
scaffold_6	1730000	1740000	0.5146
scaffold_6	1740000	1750000	0.4307
scaffold_6	1750000	1760000	0.4579
scaffold_6	1760000	1770000	0.489
scaffold_6	1770000	1780000	0.4957
scaffold_6	1780000	1790000	0.5231
scaffold_6	1790000	1800000	0.4703
scaffold_6	1800000	1810000	0.4846
scaffold_6	1810000	1820000	0.4504
scaffold_6	1820000	1830000	0.4603
scaffold_6	1830000	1840000	0.4735
scaffold_6	1840000	1850000	0.4581
scaffold_6	1850000	1860000	0.4985
scaffold_6	1860000	1870000	0.4577
scaffold_6	1870000	1880000	0.4823
scaffold_6	1880000	1890000	0.48
scaffold_6	1890000	1900000	0.4246
scaffold_6	1900000	1910000	0.4677
scaffold_6	1910000	1920000	0.4545
scaffold_6	1920000	1930000	0.5145
scaffold_6	1930000	1940000	0.4949
scaffold_6	1940000	1950000	0.4631
scaffold_6	1950000	1960000	0.4043
scaffold_6	1960000	1970000	0.4467
scaffold_6	1970000	1980000	0.4852
scaffold_6	1980000	1990000	0.5083
scaffold_6	1990000	2000000	0.4868
scaffold_6	2000000	2010000	0.49
scaffold_6	2010000	2020000	0.4669
scaffold_6	2020000	2030000	0.5086
scaffold_6	2030000	2040000	0.4693
scaffold_6	2040000	2045753	0.448809
scaffold_7	0	10000	0.4697
scaffold_7	10000	20000	0.5022
scaffold_7	20000	30000	0.5241
scaffold_7	30000	40000	0.4432
scaffold_7	40000	50000	0.5196
scaffold_7	50000	60000	0.4871
scaffold_7	60000	70000	0.5059
scaffold_7	70000	80000	0.5036
scaffold_7	80000	90000	0.4979
scaffold_7	90000	100000	0.5273
scaffold_7	100000	110000	0.5059
scaffold_7	110000	120000	0.5082
scaffold_7	120000	130000	0.4937
scaffold_7	130000	140000	0.5063
scaffold_7	140000	150000	0.5056
scaffold_7	150000	160000	0.4928
scaffold_7	160000	170000	0.4839
scaffold_7	170000	180000	0.5114
scaffold_7	180000	190000	0.5347
scaffold_7	190000	200000	0.4653
scaffold_7	200000	210000	0.5195
scaffold_7	210000	220000	0.4459
scaffold_7	220000	230000	0.4289
scaffold_7	230000	240000	0.4789
scaffold_7	240000	250000	0.4917
scaffold_7	250000	260000	0.5119
scaffold_7	260000	270000	0.4979
scaffold_7	270000	280000	0.4661
scaffold_7	280000	290000	0.4898
scaffold_7	290000	300000	0.4587
scaffold_7	300000	310000	0.4849
scaffold_7	310000	320000	0.5076
scaffold_7	320000	330000	0.5356
scaffold_7	330000	340000	0.4797
scaffold_7	340000	350000	0.5079
scaffold_7	350000	360000	0.4899
scaffold_7	360000	370000	0.5116
scaffold_7	370000	380000	0.4934
scaffold_7	380000	390000	0.4702
scaffold_7	390000	400000	0.4919
scaffold_7	400000	410000	0.5116
scaffold_7	410000	420000	0.4576
scaffold_7	420000	430000	0.4408
scaffold_7	430000	440000	0.4254
scaffold_7	440000	450000	0.4744
scaffold_7	450000	460000	0.454
scaffold_7	460000	470000	0.4929
scaffold_7	470000	480000	0.4785
scaffold_7	480000	490000	0.5041
scaffold_7	490000	500000	0.4836
scaffold_7	500000	510000	0.4603
scaffold_7	510000	520000	0.4899
scaffold_7	520000	530000	0.4708
scaffold_7	530000	540000	0.4651
scaffold_7	540000	550000	0.4895
scaffold_7	550000	560000	0.5009
scaffold_7	560000	570000	0.4771
scaffold_7	570000	580000	0.4583
scaffold_7	580000	590000	0.5005
scaffold_7	590000	600000	0.4581
scaffold_7	600000	610000	0.4524
scaffold_7	610000	620000	0.4697
scaffold_7	620000	630000	0.4592
scaffold_7	630000	640000	0.4714
scaffold_7	640000	650000	0.443
scaffold_7	650000	660000	0.4729
scaffold_7	660000	670000	0.4648
scaffold_7	670000	680000	0.4341
scaffold_7	680000	690000	0.4684
scaffold_7	690000	700000	0.4603
scaffold_7	700000	710000	0.4742
scaffold_7	710000	720000	0.4235
scaffold_7	720000	730000	0.3885
scaffold_7	730000	740000	0.4541
scaffold_7	740000	750000	0.4515
scaffold_7	750000	760000	0.4355
scaffold_7	760000	770000	0.483
scaffold_7	770000	780000	0.4578
scaffold_7	780000	790000	0.4542
scaffold_7	790000	800000	0.4598
scaffold_7	800000	810000	0.4597
scaffold_7	810000	820000	0.4356
scaffold_7	820000	830000	0.4436
scaffold_7	830000	840000	0.4672
scaffold_7	840000	850000	0.4883
scaffold_7	850000	860000	0.4674
scaffold_7	860000	870000	0.5009
scaffold_7	870000	880000	0.4604
scaffold_7	880000	890000	0.4835
scaffold_7	890000	900000	0.4766
scaffold_7	900000	910000	0.4414
scaffold_7	910000	920000	0.4448
scaffold_7	920000	930000	0.4899
scaffold_7	930000	940000	0.4965
scaffold_7	940000	950000	0.502
scaffold_7	950000	960000	0.4784
scaffold_7	960000	970000	0.4448
scaffold_7	970000	980000	0.4658
scaffold_7	980000	990000	0.4778
scaffold_7	990000	1000000	0.4691
scaffold_7	1000000	1010000	0.4615
scaffold_7	1010000	1020000	0.4586
scaffold_7	1020000	1030000	0.4847
scaffold_7	1030000	1040000	0.4676
scaffold_7	1040000	1050000	0.4865
scaffold_7	1050000	1060000	0.487
scaffold_7	1060000	1070000	0.5084
scaffold_7	1070000	1080000	0.4929
scaffold_7	1080000	1090000	0.4851
scaffold_7	1090000	1100000	0.4786
scaffold_7	1100000	1110000	0.493
scaffold_7	1110000	1120000	0.5116
scaffold_7	1120000	1130000	0.5217
scaffold_7	1130000	1140000	0.48
scaffold_7	1140000	1150000	0.4912
scaffold_7	1150000	1160000	0.4833
scaffold_7	1160000	1170000	0.4781
scaffold_7	1170000	1180000	0.5171
scaffold_7	1180000	1190000	0.4608
scaffold_7	1190000	1200000	0.4778
scaffold_7	1200000	1210000	0.5026
scaffold_7	1210000	1220000	0.4914
scaffold_7	1220000	1230000	0.4662
scaffold_7	1230000	1240000	0.4791
scaffold_7	1240000	1250000	0.5096
scaffold_7	1250000	1260000	0.4916
scaffold_7	1260000	1270000	0.5256
scaffold_7	1270000	1280000	0.4827
scaffold_7	1280000	1290000	0.4991
scaffold_7	1290000	1300000	0.4452
scaffold_7	1300000	1310000	0.4715
scaffold_7	1310000	1320000	0.4891
scaffold_7	1320000	1330000	0.4924
scaffold_7	1330000	1340000	0.4217
scaffold_7	1340000	1350000	0.4944
scaffold_7	1350000	1360000	0.4901
scaffold_7	1360000	1370000	0.4769
scaffold_7	1370000	1380000	0.4957
scaffold_7	1380000	1390000	0.5081
scaffold_7	1390000	1400000	0.4498
scaffold_7	1400000	1410000	0.503
scaffold_7	1410000	1420000	0.4743
scaffold_7	1420000	1430000	0.4253
scaffold_7	1430000	1440000	0.4644
scaffold_7	1440000	1450000	0.4912
scaffold_7	1450000	1460000	0.5016
scaffold_7	1460000	1470000	0.48
scaffold_7	1470000	1480000	0.4946
scaffold_7	1480000	1490000	0.4932
scaffold_7	1490000	1500000	0.5043
scaffold_7	1500000	1510000	0.452
scaffold_7	1510000	1520000	0.5045
scaffold_7	1520000	1530000	0.4974
scaffold_7	1530000	1540000	0.4913
scaffold_7	1540000	1550000	0.4549
scaffold_7	1550000	1560000	0.49
scaffold_7	1560000	1570000	0.4862
scaffold_7	1570000	1580000	0.4591
scaffold_7	1580000	1590000	0.4727
scaffold_7	1590000	1600000	0.4627
scaffold_7	1600000	1610000	0.5014
scaffold_7	1610000	1620000	0.5314
scaffold_7	1620000	1630000	0.4904
scaffold_7	1630000	1640000	0.5029
scaffold_7	1640000	1650000	0.4999
scaffold_7	1650000	1660000	0.4923
scaffold_7	1660000	1670000	0.5043
scaffold_7	1670000	1680000	0.479
scaffold_7	1680000	1690000	0.5202
scaffold_7	1690000	1700000	0.5123
scaffold_7	1700000	1710000	0.4917
scaffold_7	1710000	1720000	0.4816
scaffold_7	1720000	1730000	0.473
scaffold_7	1730000	1740000	0.46
scaffold_7	1740000	1750000	0.4879
scaffold_7	1750000	1760000	0.4945
scaffold_7	1760000	1770000	0.4793
scaffold_7	1770000	1780000	0.465
scaffold_7	1780000	1790000	0.481
scaffold_7	1790000	1800000	0.4874
scaffold_7	1800000	1810000	0.5131
scaffold_7	1810000	1820000	0.4989
scaffold_7	1820000	1830000	0.4664
scaffold_7	1830000	1840000	0.4884
scaffold_7	1840000	1850000	0.514
scaffold_7	1850000	1860000	0.4869
scaffold_7	1860000	1870000	0.451
scaffold_7	1870000	1880000	0.4821
scaffold_7	1880000	1890000	0.4769
scaffold_7	1890000	1900000	0.4788
scaffold_7	1900000	1910000	0.48
scaffold_7	1910000	1920000	0.4554
scaffold_7	1920000	1930000	0.4634
scaffold_7	1930000	1940000	0.484
scaffold_7	1940000	1950000	0.4843
scaffold_7	1950000	1960000	0.464
scaffold_7	1960000	1970000	0.484
scaffold_7	1970000	1980000	0.4589
scaffold_7	1980000	1990000	0.4812
scaffold_7	1990000	2000000	0.4208
scaffold_7	2000000	2010000	0.4651
scaffold_7	2010000	2010228	0.486842
scaffold_8	0	10000	0.4579
scaffold_8	10000	20000	0.456
scaffold_8	20000	30000	0.4985
scaffold_8	30000	40000	0.4482
scaffold_8	40000	50000	0.4495
scaffold_8	50000	60000	0.4469
scaffold_8	60000	70000	0.4844
scaffold_8	70000	80000	0.4328
scaffold_8	80000	90000	0.4908
scaffold_8	90000	100000	0.4533
scaffold_8	100000	110000	0.4464
scaffold_8	110000	120000	0.4247
scaffold_8	120000	130000	0.4703
scaffold_8	130000	140000	0.399
scaffold_8	140000	150000	0.4517
scaffold_8	150000	160000	0.3893
scaffold_8	160000	170000	0.4252
scaffold_8	170000	180000	0.4391
scaffold_8	180000	190000	0.4709
scaffold_8	190000	200000	0.4666
scaffold_8	200000	210000	0.4713
scaffold_8	210000	220000	0.462
scaffold_8	220000	230000	0.4819
scaffold_8	230000	240000	0.4769
scaffold_8	240000	250000	0.4561
scaffold_8	250000	260000	0.4675
scaffold_8	260000	270000	0.4686
scaffold_8	270000	280000	0.4891
scaffold_8	280000	290000	0.4812
scaffold_8	290000	300000	0.4817
scaffold_8	300000	310000	0.4729
scaffold_8	310000	320000	0.5209
scaffold_8	320000	330000	0.4649
scaffold_8	330000	340000	0.4652
scaffold_8	340000	350000	0.5087
scaffold_8	350000	360000	0.4684
scaffold_8	360000	370000	0.5015
scaffold_8	370000	380000	0.4952
scaffold_8	380000	390000	0.4724
scaffold_8	390000	400000	0.5237
scaffold_8	400000	410000	0.4476
scaffold_8	410000	420000	0.4787
scaffold_8	420000	430000	0.4743
scaffold_8	430000	440000	0.4532
scaffold_8	440000	450000	0.5086
scaffold_8	450000	460000	0.506
scaffold_8	460000	470000	0.4774
scaffold_8	470000	480000	0.4524
scaffold_8	480000	490000	0.4258
scaffold_8	490000	500000	0.4734
scaffold_8	500000	510000	0.4257
scaffold_8	510000	520000	0.5005
scaffold_8	520000	530000	0.4896
scaffold_8	530000	540000	0.5009
scaffold_8	540000	550000	0.4659
scaffold_8	550000	560000	0.44
scaffold_8	560000	570000	0.4743
scaffold_8	570000	580000	0.4898
scaffold_8	580000	590000	0.5117
scaffold_8	590000	600000	0.4699
scaffold_8	600000	610000	0.483
scaffold_8	610000	620000	0.4805
scaffold_8	620000	630000	0.411
scaffold_8	630000	640000	0.452
scaffold_8	640000	650000	0.4901
scaffold_8	650000	660000	0.4818
scaffold_8	660000	670000	0.484
scaffold_8	670000	680000	0.4866
scaffold_8	680000	690000	0.5075
scaffold_8	690000	700000	0.4751
scaffold_8	700000	710000	0.4846
scaffold_8	710000	720000	0.468
scaffold_8	720000	730000	0.4514
scaffold_8	730000	740000	0.4663
scaffold_8	740000	750000	0.462
scaffold_8	750000	760000	0.5034
scaffold_8	760000	770000	0.4895
scaffold_8	770000	780000	0.4873
scaffold_8	780000	790000	0.4811
scaffold_8	790000	800000	0.5009
scaffold_8	800000	810000	0.4718
scaffold_8	810000	820000	0.49
scaffold_8	820000	830000	0.484
scaffold_8	830000	840000	0.4862
scaffold_8	840000	850000	0.4854
scaffold_8	850000	860000	0.4346
scaffold_8	860000	870000	0.4717
scaffold_8	870000	880000	0.4977
scaffold_8	880000	890000	0.4844
scaffold_8	890000	900000	0.4568
scaffold_8	900000	910000	0.4527
scaffold_8	910000	920000	0.5039
scaffold_8	920000	930000	0.5001
scaffold_8	930000	940000	0.4858
scaffold_8	940000	950000	0.4764
scaffold_8	950000	960000	0.5099
scaffold_8	960000	970000	0.4627
scaffold_8	970000	980000	0.4858
scaffold_8	980000	990000	0.4759
scaffold_8	990000	1000000	0.5165
scaffold_8	1000000	1010000	0.4686
scaffold_8	1010000	1020000	0.4706
scaffold_8	1020000	1030000	0.5064
scaffold_8	1030000	1040000	0.4887
scaffold_8	1040000	1050000	0.4809
scaffold_8	1050000	1060000	0.5073
scaffold_8	1060000	1070000	0.4674
scaffold_8	1070000	1080000	0.4749
scaffold_8	1080000	1090000	0.497
scaffold_8	1090000	1100000	0.4533
scaffold_8	1100000	1110000	0.4311
scaffold_8	1110000	1120000	0.4948
scaffold_8	1120000	1130000	0.4607
scaffold_8	1130000	1140000	0.4607
scaffold_8	1140000	1150000	0.5078
scaffold_8	1150000	1160000	0.4972
scaffold_8	1160000	1170000	0.5156
scaffold_8	1170000	1180000	0.492
scaffold_8	1180000	1190000	0.513
scaffold_8	1190000	1200000	0.4881
scaffold_8	1200000	1210000	0.4754
scaffold_8	1210000	1220000	0.4916
scaffold_8	1220000	1230000	0.4943
scaffold_8	1230000	1240000	0.4283
scaffold_8	1240000	1250000	0.4372
scaffold_8	1250000	1260000	0.4303
scaffold_8	1260000	1270000	0.4233
scaffold_8	1270000	1280000	0.4406
scaffold_8	1280000	1290000	0.4854
scaffold_8	1290000	1300000	0.4901
scaffold_8	1300000	1310000	0.4539
scaffold_8	1310000	1320000	0.4255
scaffold_8	1320000	1330000	0.4639
scaffold_8	1330000	1340000	0.4908
scaffold_8	1340000	1350000	0.4479
scaffold_8	1350000	1360000	0.4532
scaffold_8	1360000	1370000	0.4594
scaffold_8	1370000	1380000	0.4632
scaffold_8	1380000	1390000	0.4476
scaffold_8	1390000	1400000	0.4842
scaffold_8	1400000	1410000	0.4769
scaffold_8	1410000	1420000	0.4527
scaffold_8	1420000	1430000	0.4831
scaffold_8	1430000	1440000	0.4974
scaffold_8	1440000	1450000	0.4406
scaffold_8	1450000	1460000	0.5212
scaffold_8	1460000	1470000	0.4727
scaffold_8	1470000	1480000	0.4802
scaffold_8	1480000	1490000	0.4837
scaffold_8	1490000	1500000	0.4894
scaffold_8	1500000	1510000	0.433
scaffold_8	1510000	1520000	0.4949
scaffold_8	1520000	1530000	0.4817
scaffold_8	1530000	1540000	0.4843
scaffold_8	1540000	1550000	0.4753
scaffold_8	1550000	1560000	0.4778
scaffold_8	1560000	1570000	0.4693
scaffold_8	1570000	1580000	0.4585
scaffold_8	1580000	1590000	0.4838
scaffold_8	1590000	1600000	0.499
scaffold_8	1600000	1610000	0.4687
scaffold_8	1610000	1620000	0.4975
scaffold_8	1620000	1630000	0.4694
scaffold_8	1630000	1640000	0.4814
scaffold_8	1640000	1650000	0.4365
scaffold_8	1650000	1660000	0.4779
scaffold_8	1660000	1670000	0.4477
scaffold_8	1670000	1680000	0.4617
scaffold_8	1680000	1690000	0.4739
scaffold_8	1690000	1700000	0.4786
scaffold_8	1700000	1710000	0.4606
scaffold_8	1710000	1720000	0.477
scaffold_8	1720000	1730000	0.4632
scaffold_8	1730000	1740000	0.496
scaffold_8	1740000	1750000	0.4513
scaffold_8	1750000	1760000	0.4827
scaffold_8	1760000	1766506	0.452352
scaffold_9	0	10000	0.4782
scaffold_9	10000	20000	0.4766
scaffold_9	20000	30000	0.4794
scaffold_9	30000	40000	0.4676
scaffold_9	40000	50000	0.4984
scaffold_9	50000	60000	0.4821
scaffold_9	60000	70000	0.4792
scaffold_9	70000	80000	0.475
scaffold_9	80000	90000	0.4537
scaffold_9	90000	100000	0.4794
scaffold_9	100000	110000	0.4733
scaffold_9	110000	120000	0.4635
scaffold_9	120000	130000	0.4647
scaffold_9	130000	140000	0.499
scaffold_9	140000	150000	0.4786
scaffold_9	150000	160000	0.4797
scaffold_9	160000	170000	0.4584
scaffold_9	170000	180000	0.4569
scaffold_9	180000	190000	0.455
scaffold_9	190000	200000	0.5165
scaffold_9	200000	210000	0.4585
scaffold_9	210000	220000	0.4968
scaffold_9	220000	230000	0.4687
scaffold_9	230000	240000	0.4783
scaffold_9	240000	250000	0.5054
scaffold_9	250000	260000	0.4871
scaffold_9	260000	270000	0.4554
scaffold_9	270000	280000	0.4836
scaffold_9	280000	290000	0.5075
scaffold_9	290000	300000	0.5034
scaffold_9	300000	310000	0.5343
scaffold_9	310000	320000	0.4906
scaffold_9	320000	330000	0.4868
scaffold_9	330000	340000	0.4653
scaffold_9	340000	350000	0.486
scaffold_9	350000	360000	0.4883
scaffold_9	360000	370000	0.458
scaffold_9	370000	380000	0.4826
scaffold_9	380000	390000	0.5222
scaffold_9	390000	400000	0.489
scaffold_9	400000	410000	0.5097
scaffold_9	410000	420000	0.5052
scaffold_9	420000	430000	0.4029
scaffold_9	430000	440000	0.4911
scaffold_9	440000	450000	0.4797
scaffold_9	450000	460000	0.4267
scaffold_9	460000	470000	0.4806
scaffold_9	470000	480000	0.4699
scaffold_9	480000	490000	0.4675
scaffold_9	490000	500000	0.4364
scaffold_9	500000	510000	0.4757
scaffold_9	510000	520000	0.5042
scaffold_9	520000	530000	0.4766
scaffold_9	530000	540000	0.4799
scaffold_9	540000	550000	0.4675
scaffold_9	550000	560000	0.4335
scaffold_9	560000	570000	0.4725
scaffold_9	570000	580000	0.4287
scaffold_9	580000	590000	0.4619
scaffold_9	590000	600000	0.4637
scaffold_9	600000	610000	0.4507
scaffold_9	610000	620000	0.4552
scaffold_9	620000	630000	0.4708
scaffold_9	630000	640000	0.4141
scaffold_9	640000	650000	0.4482
scaffold_9	650000	660000	0.4551
scaffold_9	660000	670000	0.4348
scaffold_9	670000	680000	0.4447
scaffold_9	680000	690000	0.4383
scaffold_9	690000	700000	0.4711
scaffold_9	700000	710000	0.4745
scaffold_9	710000	720000	0.4794
scaffold_9	720000	730000	0.4977
scaffold_9	730000	740000	0.4628
scaffold_9	740000	750000	0.4955
scaffold_9	750000	760000	0.4615
scaffold_9	760000	770000	0.4534
scaffold_9	770000	780000	0.4882
scaffold_9	780000	790000	0.4564
scaffold_9	790000	800000	0.4998
scaffold_9	800000	810000	0.4784
scaffold_9	810000	820000	0.4813
scaffold_9	820000	830000	0.4765
scaffold_9	830000	840000	0.4695
scaffold_9	840000	850000	0.4809
scaffold_9	850000	860000	0.444
scaffold_9	860000	870000	0.4646
scaffold_9	870000	880000	0.4777
scaffold_9	880000	890000	0.449
scaffold_9	890000	900000	0.4892
scaffold_9	900000	910000	0.5081
scaffold_9	910000	920000	0.4617
scaffold_9	920000	930000	0.4548
scaffold_9	930000	940000	0.4532
scaffold_9	940000	950000	0.3919
scaffold_9	950000	960000	0.4509
scaffold_9	960000	970000	0.4538
scaffold_9	970000	980000	0.4712
scaffold_9	980000	990000	0.4836
scaffold_9	990000	1000000	0.4523
scaffold_9	1000000	1010000	0.499
scaffold_9	1010000	1020000	0.4426
scaffold_9	1020000	1030000	0.4494
scaffold_9	1030000	1040000	0.493
scaffold_9	1040000	1050000	0.4671
scaffold_9	1050000	1060000	0.465
scaffold_9	1060000	1070000	0.4874
scaffold_9	1070000	1080000	0.4681
scaffold_9	1080000	1090000	0.4356
scaffold_9	1090000	1100000	0.4825
scaffold_9	1100000	1110000	0.4951
scaffold_9	1110000	1120000	0.4924
scaffold_9	1120000	1130000	0.4703
scaffold_9	1130000	1140000	0.4776
scaffold_9	1140000	1150000	0.4759
scaffold_9	1150000	1160000	0.434
scaffold_9	1160000	1170000	0.4847
scaffold_9	1170000	1180000	0.4725
scaffold_9	1180000	1190000	0.4624
scaffold_9	1190000	1200000	0.4626
scaffold_9	1200000	1210000	0.4801
scaffold_9	1210000	1220000	0.5051
scaffold_9	1220000	1230000	0.5008
scaffold_9	1230000	1240000	0.4802
scaffold_9	1240000	1250000	0.4749
scaffold_9	1250000	1260000	0.4445
scaffold_9	1260000	1270000	0.494
scaffold_9	1270000	1280000	0.4688
scaffold_9	1280000	1290000	0.4907
scaffold_9	1290000	1300000	0.5024
scaffold_9	1300000	1310000	0.4865
scaffold_9	1310000	1320000	0.4318
scaffold_9	1320000	1330000	0.489
scaffold_9	1330000	1340000	0.4809
scaffold_9	1340000	1350000	0.4518
scaffold_9	1350000	1360000	0.4566
scaffold_9	1360000	1370000	0.4924
scaffold_9	1370000	1380000	0.4438
scaffold_9	1380000	1390000	0.4615
scaffold_9	1390000	1400000	0.4666
scaffold_9	1400000	1410000	0.4277
scaffold_9	1410000	1420000	0.3923
scaffold_9	1420000	1430000	0.4579
scaffold_9	1430000	1440000	0.4349
scaffold_9	1440000	1450000	0.4544
scaffold_9	1450000	1460000	0.4152
scaffold_9	1460000	1470000	0.4521
scaffold_9	1470000	1480000	0.4165
scaffold_9	1480000	1490000	0.4201
scaffold_9	1490000	1500000	0.4767
scaffold_9	1500000	1510000	0.4921
scaffold_9	1510000	1520000	0.4355
scaffold_9	1520000	1530000	0.4548
scaffold_9	1530000	1540000	0.4855
scaffold_9	1540000	1550000	0.4765
scaffold_9	1550000	1554111	0.452688