scaffold_1	0	10000	0.0006
scaffold_1	10000	20000	0.0003
scaffold_1	20000	30000	0.0002
scaffold_1	30000	40000	0.0002
scaffold_1	40000	50000	0.0006
scaffold_1	50000	60000	0.0003
scaffold_1	60000	70000	0.0004
scaffold_1	70000	80000	0.0005
scaffold_1	80000	90000	0.0005
scaffold_1	90000	100000	0.0005
scaffold_1	100000	110000	0.0003
scaffold_1	110000	120000	0.0002
scaffold_1	120000	130000	0.0001
scaffold_1	130000	140000	0.0004
scaffold_1	140000	150000	0.0006
scaffold_1	150000	160000	0.0002
scaffold_1	160000	170000	0.0003
scaffold_1	170000	180000	0.0001
scaffold_1	180000	190000	0.0002
scaffold_1	190000	200000	0.0005
scaffold_1	200000	210000	0.0006
scaffold_1	210000	220000	0.0004
scaffold_1	220000	230000	0.0005
scaffold_1	230000	240000	0.0006
scaffold_1	240000	250000	0.0002
scaffold_1	250000	260000	0.0003
scaffold_1	260000	270000	0.0003
scaffold_1	270000	280000	0.0005
scaffold_1	280000	290000	0.0005
scaffold_1	290000	300000	0.0003
scaffold_1	300000	310000	0
scaffold_1	310000	320000	0.0001
scaffold_1	320000	330000	0.0004
scaffold_1	330000	340000	0.0001
scaffold_1	340000	350000	0.0001
scaffold_1	350000	360000	0.0003
scaffold_1	360000	370000	0.0005
scaffold_1	370000	380000	0.0004
scaffold_1	380000	390000	0.0002
scaffold_1	390000	400000	0.0006
scaffold_1	400000	410000	0.0003
scaffold_1	410000	420000	0.0002
scaffold_1	420000	430000	0
scaffold_1	430000	440000	0.0004
scaffold_1	440000	450000	0.0003
scaffold_1	450000	460000	0.0002
scaffold_1	460000	470000	0.0002
scaffold_1	470000	480000	0.0006
scaffold_1	480000	490000	0.0003
scaffold_1	490000	500000	0.0004
scaffold_1	500000	510000	0.0005
scaffold_1	510000	520000	0.0005
scaffold_1	520000	530000	0.0004
scaffold_1	530000	540000	0.0004
scaffold_1	540000	550000	0.0001
scaffold_1	550000	560000	0.0002
scaffold_1	560000	570000	0.0002
scaffold_1	570000	580000	0.0005
scaffold_1	580000	590000	0.0004
scaffold_1	590000	600000	0.0004
scaffold_1	600000	610000	0.0005
scaffold_1	610000	620000	0.0004
scaffold_1	620000	630000	0.0002
scaffold_1	630000	640000	0.0003
scaffold_1	640000	650000	0.0004
scaffold_1	650000	660000	0.0005
scaffold_1	660000	670000	0.0004
scaffold_1	670000	680000	0.0005
scaffold_1	680000	690000	0.0006
scaffold_1	690000	700000	0.0004
scaffold_1	700000	710000	0.0005
scaffold_1	710000	720000	0.0004
scaffold_1	720000	730000	0.0003
scaffold_1	730000	740000	0.0002
scaffold_1	740000	750000	0.0004
scaffold_1	750000	760000	0.0005
scaffold_1	760000	770000	0.0004
scaffold_1	770000	780000	0.0005
scaffold_1	780000	790000	0.0004
scaffold_1	790000	800000	0.0006
scaffold_1	800000	810000	0.0004
scaffold_1	810000	820000	0.0004
scaffold_1	820000	830000	0.0002
scaffold_1	830000	840000	0.0003
scaffold_1	840000	850000	0.0001
scaffold_1	850000	860000	0.0002
scaffold_1	860000	870000	0.0002
scaffold_1	870000	880000	0.0004
scaffold_1	880000	890000	0.0004
scaffold_1	890000	900000	0.0003
scaffold_1	900000	910000	0.0003
scaffold_1	910000	920000	0.0003
scaffold_1	920000	930000	0.0004
scaffold_1	930000	940000	0.0002
scaffold_1	940000	950000	0.0003
scaffold_1	950000	960000	0.0004
scaffold_1	960000	970000	0.0003
scaffold_1	970000	980000	0.0002
scaffold_1	980000	990000	0.0005
scaffold_1	990000	1000000	0.0001
scaffold_1	1000000	1010000	0.0002
scaffold_1	1010000	1020000	0.0003
scaffold_1	1020000	1030000	0.0003
scaffold_1	1030000	1040000	0.0008
scaffold_1	1040000	1050000	0.0001
scaffold_1	1050000	1060000	0.0003
scaffold_1	1060000	1070000	0.0005
scaffold_1	1070000	1080000	0.0003
scaffold_1	1080000	1090000	0.0004
scaffold_1	1090000	1100000	0.0004
scaffold_1	1100000	1110000	0.0004
scaffold_1	1110000	1120000	0.0003
scaffold_1	1120000	1130000	0.0005
scaffold_1	1130000	1140000	0.0002
scaffold_1	1140000	1150000	0.0003
scaffold_1	1150000	1160000	0.0001
scaffold_1	1160000	1170000	0.0002
scaffold_1	1170000	1180000	0.0002
scaffold_1	1180000	1190000	0.0004
scaffold_1	1190000	1200000	0.0003
scaffold_1	1200000	1210000	0
scaffold_1	1210000	1220000	0.0003
scaffold_1	1220000	1230000	0.0004
scaffold_1	1230000	1240000	0.0005
scaffold_1	1240000	1250000	0.0001
scaffold_1	1250000	1260000	0.0004
scaffold_1	1260000	1270000	0.0004
scaffold_1	1270000	1280000	0.0003
scaffold_1	1280000	1290000	0.0004
scaffold_1	1290000	1300000	0.0001
scaffold_1	1300000	1310000	0.0005
scaffold_1	1310000	1320000	0.0002
scaffold_1	1320000	1330000	0.0006
scaffold_1	1330000	1340000	0.0004
scaffold_1	1340000	1350000	0.0004
scaffold_1	1350000	1360000	0.0006
scaffold_1	1360000	1370000	0.0003
scaffold_1	1370000	1380000	0.0003
scaffold_1	1380000	1390000	0.0003
scaffold_1	1390000	1400000	0.0002
scaffold_1	1400000	1410000	0.0005
scaffold_1	1410000	1420000	0.0002
scaffold_1	1420000	1430000	0.0002
scaffold_1	1430000	1440000	0.0002
scaffold_1	1440000	1450000	0.0001
scaffold_1	1450000	1460000	0.0003
scaffold_1	1460000	1470000	0.0002
scaffold_1	1470000	1480000	0.0002
scaffold_1	1480000	1490000	0.0003
scaffold_1	1490000	1500000	0.0003
scaffold_1	1500000	1510000	0.0001
scaffold_1	1510000	1520000	0.0001
scaffold_1	1520000	1530000	0.0001
scaffold_1	1530000	1540000	0.0003
scaffold_1	1540000	1550000	0.0005
scaffold_1	1550000	1560000	0.0004
scaffold_1	1560000	1570000	0.0001
scaffold_1	1570000	1580000	0.0001
scaffold_1	1580000	1590000	0.0005
scaffold_1	1590000	1600000	0.0001
scaffold_1	1600000	1610000	0.0002
scaffold_1	1610000	1620000	0.0002
scaffold_1	1620000	1630000	0.0004
scaffold_1	1630000	1640000	0.0005
scaffold_1	1640000	1650000	0.0005
scaffold_1	1650000	1660000	0.0001
scaffold_1	1660000	1670000	0.0002
scaffold_1	1670000	1680000	0.0004
scaffold_1	1680000	1690000	0.0004
scaffold_1	1690000	1700000	0.0004
scaffold_1	1700000	1710000	0.0005
scaffold_1	1710000	1720000	0.0006
scaffold_1	1720000	1730000	0.0003
scaffold_1	1730000	1740000	0.0003
scaffold_1	1740000	1750000	0.0003
scaffold_1	1750000	1760000	0.0005
scaffold_1	1760000	1770000	0.0002
scaffold_1	1770000	1780000	0.0002
scaffold_1	1780000	1790000	0.0003
scaffold_1	1790000	1800000	0.0004
scaffold_1	1800000	1810000	0.0006
scaffold_1	1810000	1820000	0.0003
scaffold_1	1820000	1830000	0.0003
scaffold_1	1830000	1840000	0.0003
scaffold_1	1840000	1850000	0.0003
scaffold_1	1850000	1860000	0.0003
scaffold_1	1860000	1870000	0.0002
scaffold_1	1870000	1880000	0.0002
scaffold_1	1880000	1890000	0.0003
scaffold_1	1890000	1900000	0.0004
scaffold_1	1900000	1910000	0.0006
scaffold_1	1910000	1920000	0.0003
scaffold_1	1920000	1930000	0.0002
scaffold_1	1930000	1940000	0.0003
scaffold_1	1940000	1950000	0.0004
scaffold_1	1950000	1960000	0.0005
scaffold_1	1960000	1970000	0.0004
scaffold_1	1970000	1980000	0.0002
scaffold_1	1980000	1990000	0.0004
scaffold_1	1990000	2000000	0.0004
scaffold_1	2000000	2010000	0.0004
scaffold_1	2010000	2020000	0.0003
scaffold_1	2020000	2030000	0.0003
scaffold_1	2030000	2040000	0.0003
scaffold_1	2040000	2050000	0.0004
scaffold_1	2050000	2060000	0.0002
scaffold_1	2060000	2070000	0.0005
scaffold_1	2070000	2080000	0.0002
scaffold_1	2080000	2090000	0.0001
scaffold_1	2090000	2100000	0
scaffold_1	2100000	2110000	0.0001
scaffold_1	2110000	2120000	0
scaffold_1	2120000	2130000	0.0001
scaffold_1	2130000	2140000	0.0003
scaffold_1	2140000	2150000	0.0005
scaffold_1	2150000	2160000	0.0002
scaffold_1	2160000	2170000	0.0001
scaffold_1	2170000	2180000	0.0002
scaffold_1	2180000	2190000	0.0003
scaffold_1	2190000	2200000	0.0002
scaffold_1	2200000	2210000	0.0004
scaffold_1	2210000	2220000	0.0003
scaffold_1	2220000	2230000	0.0003
scaffold_1	2230000	2240000	0.0004
scaffold_1	2240000	2250000	0.0005
scaffold_1	2250000	2260000	0.0003
scaffold_1	2260000	2270000	0.0002
scaffold_1	2270000	2280000	0.0003
scaffold_1	2280000	2290000	0.0003
scaffold_1	2290000	2300000	0.0001
scaffold_1	2300000	2310000	0.0002
scaffold_1	2310000	2320000	0.0003
scaffold_1	2320000	2330000	0.0004
scaffold_1	2330000	2340000	0.0003
scaffold_1	2340000	2350000	0.0001
scaffold_1	2350000	2360000	0.0003
scaffold_1	2360000	2370000	0.0004
scaffold_1	2370000	2380000	0
scaffold_1	2380000	2390000	0.0001
scaffold_1	2390000	2400000	0.0001
scaffold_1	2400000	2410000	0.0003
scaffold_1	2410000	2420000	0.0003
scaffold_1	2420000	2430000	0.0004
scaffold_1	2430000	2440000	0.0005
scaffold_1	2440000	2450000	0.0005
scaffold_1	2450000	2460000	0.0002
scaffold_1	2460000	2470000	0.0004
scaffold_1	2470000	2480000	0.0005
scaffold_1	2480000	2490000	0.0003
scaffold_1	2490000	2500000	0.0002
scaffold_1	2500000	2510000	0.0001
scaffold_1	2510000	2520000	0.0001
scaffold_1	2520000	2530000	0.0001
scaffold_1	2530000	2540000	0.0003
scaffold_1	2540000	2550000	0.0005
scaffold_1	2550000	2560000	0.0004
scaffold_1	2560000	2570000	0.0003
scaffold_1	2570000	2580000	0.0006
scaffold_1	2580000	2590000	0.0004
scaffold_1	2590000	2600000	0.0003
scaffold_1	2600000	2610000	0
scaffold_1	2610000	2620000	0.0004
scaffold_1	2620000	2630000	0.0004
scaffold_1	2630000	2640000	0.0004
scaffold_1	2640000	2650000	0.0005
scaffold_1	2650000	2660000	0.0005
scaffold_1	2660000	2670000	0.0005
scaffold_1	2670000	2680000	0.0004
scaffold_1	2680000	2690000	0.0004
scaffold_1	2690000	2700000	0.0002
scaffold_1	2700000	2710000	0.0002
scaffold_1	2710000	2720000	0.0002
scaffold_1	2720000	2730000	0.0003
scaffold_1	2730000	2740000	0.0002
scaffold_1	2740000	2750000	0.0003
scaffold_1	2750000	2760000	0.0005
scaffold_1	2760000	2770000	0.0001
scaffold_1	2770000	2780000	0.0002
scaffold_1	2780000	2790000	0.0003
scaffold_1	2790000	2800000	0.0003
scaffold_1	2800000	2810000	0.0002
scaffold_1	2810000	2820000	0.0003
scaffold_1	2820000	2830000	0.0005
scaffold_1	2830000	2840000	0.0006
scaffold_1	2840000	2850000	0.0004
scaffold_1	2850000	2860000	0.0002
scaffold_1	2860000	2870000	0.0004
scaffold_1	2870000	2880000	0.0004
scaffold_1	2880000	2890000	0.0004
scaffold_1	2890000	2900000	0.0002
scaffold_1	2900000	2910000	0.0002
scaffold_1	2910000	2920000	0.0005
scaffold_1	2920000	2930000	0.0003
scaffold_1	2930000	2940000	0.0003
scaffold_1	2940000	2950000	0.0001
scaffold_1	2950000	2960000	0.0003
scaffold_1	2960000	2970000	0.0005
scaffold_1	2970000	2980000	0.0003
scaffold_1	2980000	2990000	0.0002
scaffold_1	2990000	3000000	0.0002
scaffold_1	3000000	3010000	0.0003
scaffold_1	3010000	3020000	0.0004
scaffold_1	3020000	3030000	0.0005
scaffold_1	3030000	3040000	0.0003
scaffold_1	3040000	3050000	0.0002
scaffold_1	3050000	3060000	0.0001
scaffold_1	3060000	3070000	0
scaffold_1	3070000	3080000	0.0004
scaffold_1	3080000	3090000	0.0002
scaffold_1	3090000	3100000	0.0003
scaffold_1	3100000	3110000	0.0003
scaffold_1	3110000	3120000	0.0005
scaffold_1	3120000	3130000	0.0004
scaffold_1	3130000	3140000	0.0003
scaffold_1	3140000	3150000	0.0003
scaffold_1	3150000	3160000	0.0005
scaffold_1	3160000	3170000	0.0004
scaffold_1	3170000	3180000	0.0004
scaffold_1	3180000	3190000	0.0002
scaffold_1	3190000	3200000	0.0004
scaffold_1	3200000	3210000	0.0003
scaffold_1	3210000	3220000	0.0003
scaffold_1	3220000	3230000	0.0003
scaffold_1	3230000	3240000	0.0005
scaffold_1	3240000	3250000	0.0002
scaffold_1	3250000	3260000	0.0004
scaffold_1	3260000	3270000	0.0004
scaffold_1	3270000	3280000	0.0005
scaffold_1	3280000	3290000	0.0004
scaffold_1	3290000	3300000	0.0005
scaffold_1	3300000	3310000	0.0003
scaffold_1	3310000	3320000	0.0005
scaffold_1	3320000	3330000	0.0006
scaffold_1	3330000	3340000	0.0002
scaffold_1	3340000	3350000	0.0003
scaffold_1	3350000	3360000	0.0005
scaffold_1	3360000	3370000	0.0002
scaffold_1	3370000	3380000	0.0003
scaffold_1	3380000	3390000	0.0003
scaffold_1	3390000	3400000	0.0004
scaffold_1	3400000	3410000	0.0004
scaffold_1	3410000	3420000	0.0004
scaffold_1	3420000	3430000	0.0005
scaffold_1	3430000	3440000	0.0003
scaffold_1	3440000	3450000	0.0002
scaffold_1	3450000	3460000	0.0003
scaffold_1	3460000	3470000	0.0002
scaffold_1	3470000	3480000	0.0004
scaffold_1	3480000	3490000	0.0004
scaffold_1	3490000	3500000	0.0003
scaffold_1	3500000	3510000	0.0003
scaffold_1	3510000	3520000	0.0004
scaffold_1	3520000	3530000	0.0004
scaffold_1	3530000	3540000	0.0004
scaffold_1	3540000	3550000	0.0002
scaffold_1	3550000	3560000	0.0004
scaffold_1	3560000	3570000	0.0006
scaffold_1	3570000	3580000	0.0003
scaffold_1	3580000	3590000	0.0003
scaffold_1	3590000	3600000	0.0003
scaffold_1	3600000	3610000	0.0005
scaffold_1	3610000	3620000	0.0004
scaffold_1	3620000	3630000	0.0002
scaffold_1	3630000	3640000	0.0004
scaffold_1	3640000	3650000	0.0004
scaffold_1	3650000	3660000	0.0005
scaffold_1	3660000	3670000	0.0003
scaffold_1	3670000	3680000	0.0005
scaffold_1	3680000	3690000	0.0004
scaffold_1	3690000	3700000	0.0004
scaffold_1	3700000	3710000	0.0004
scaffold_1	3710000	3720000	0.0004
scaffold_1	3720000	3730000	0.0004
scaffold_1	3730000	3740000	0.0005
scaffold_1	3740000	3750000	0.0004
scaffold_1	3750000	3760000	0.0004
scaffold_1	3760000	3770000	0.0004
scaffold_1	3770000	3780000	0.0005
scaffold_1	3780000	3790000	0.0002
scaffold_1	3790000	3800000	0.0002
scaffold_1	3800000	3810000	0.0005
scaffold_1	3810000	3820000	0.0005
scaffold_1	3820000	3830000	0.0004
scaffold_1	3830000	3840000	0.0004
scaffold_1	3840000	3850000	0.0003
scaffold_1	3850000	3860000	0.0001
scaffold_1	3860000	3870000	0.0004
scaffold_1	3870000	3880000	0.0006
scaffold_1	3880000	3890000	0.0004
scaffold_1	3890000	3900000	0.0003
scaffold_1	3900000	3910000	0.0003
scaffold_1	3910000	3920000	0.0002
scaffold_1	3920000	3930000	0.0007
scaffold_1	3930000	3940000	0.0005
scaffold_1	3940000	3950000	0.0005
scaffold_1	3950000	3960000	0.0005
scaffold_1	3960000	3970000	0.0001
scaffold_1	3970000	3980000	0.0004
scaffold_1	3980000	3990000	0.0004
scaffold_1	3990000	4000000	0.0002
scaffold_1	4000000	4010000	0.0005
scaffold_1	4010000	4020000	0.0004
scaffold_1	4020000	4030000	0.0004
scaffold_1	4030000	4040000	0.0002
scaffold_1	4040000	4050000	0.0003
scaffold_1	4050000	4060000	0.0004
scaffold_1	4060000	4070000	0.0004
scaffold_1	4070000	4080000	0.0003
scaffold_1	4080000	4090000	0.0003
scaffold_1	4090000	4100000	0.0002
scaffold_1	4100000	4110000	0.0005
scaffold_1	4110000	4120000	0.0003
scaffold_1	4120000	4130000	0.0002
scaffold_1	4130000	4140000	0.0005
scaffold_1	4140000	4150000	0.0003
scaffold_1	4150000	4160000	0.0002
scaffold_1	4160000	4170000	0.0004
scaffold_1	4170000	4180000	0.0006
scaffold_1	4180000	4190000	0.0004
scaffold_1	4190000	4200000	0.0007
scaffold_1	4200000	4210000	0.0004
scaffold_1	4210000	4220000	0.0005
scaffold_1	4220000	4230000	0.0004
scaffold_1	4230000	4240000	0.0007
scaffold_1	4240000	4250000	0.0003
scaffold_1	4250000	4260000	0.0005
scaffold_1	4260000	4270000	0.0003
scaffold_1	4270000	4280000	0.0002
scaffold_1	4280000	4290000	0.0005
scaffold_1	4290000	4300000	0.0004
scaffold_1	4300000	4310000	0.0007
scaffold_1	4310000	4320000	0.0002
scaffold_1	4320000	4330000	0.0003
scaffold_1	4330000	4340000	0.0004
scaffold_1	4340000	4350000	0.0004
scaffold_1	4350000	4360000	0.0003
scaffold_1	4360000	4370000	0.0002
scaffold_1	4370000	4380000	0.0003
scaffold_1	4380000	4390000	0.0003
scaffold_1	4390000	4400000	0.0004
scaffold_1	4400000	4410000	0.0005
scaffold_1	4410000	4420000	0.0003
scaffold_1	4420000	4430000	0
scaffold_1	4430000	4440000	0.0002
scaffold_1	4440000	4450000	0.0003
scaffold_1	4450000	4460000	0.0001
scaffold_1	4460000	4470000	0.0001
scaffold_1	4470000	4480000	0.0005
scaffold_1	4480000	4490000	0.0003
scaffold_1	4490000	4500000	0.0002
scaffold_1	4500000	4510000	0.0005
scaffold_1	4510000	4520000	0.0004
scaffold_1	4520000	4530000	0.0003
scaffold_1	4530000	4540000	0.0005
scaffold_1	4540000	4550000	0.0002
scaffold_1	4550000	4560000	0.0003
scaffold_1	4560000	4570000	0.0005
scaffold_1	4570000	4580000	0.0003
scaffold_1	4580000	4590000	0.0004
scaffold_1	4590000	4600000	0.0005
scaffold_1	4600000	4610000	0.0001
scaffold_1	4610000	4620000	0.0001
scaffold_1	4620000	4630000	0.0004
scaffold_1	4630000	4640000	0.0001
scaffold_1	4640000	4650000	0.0003
scaffold_1	4650000	4660000	0.0002
scaffold_1	4660000	4670000	0.0003
scaffold_1	4670000	4680000	0.0002
scaffold_1	4680000	4690000	0.0001
scaffold_1	4690000	4700000	0.0003
scaffold_1	4700000	4710000	0.0003
scaffold_1	4710000	4720000	0.0004
scaffold_1	4720000	4730000	0.0004
scaffold_1	4730000	4740000	0.0003
scaffold_1	4740000	4750000	0.0004
scaffold_1	4750000	4760000	0.0004
scaffold_1	4760000	4770000	0.0002
scaffold_1	4770000	4780000	0.0003
scaffold_1	4780000	4790000	0.0002
scaffold_1	4790000	4800000	0.0003
scaffold_1	4800000	4810000	0.0003
scaffold_1	4810000	4820000	0.0002
scaffold_1	4820000	4830000	0.0003
scaffold_1	4830000	4840000	0.0003
scaffold_1	4840000	4850000	0.0001
scaffold_1	4850000	4860000	0.0003
scaffold_1	4860000	4870000	0.0004
scaffold_1	4870000	4880000	0.0001
scaffold_1	4880000	4890000	0.0004
scaffold_1	4890000	4900000	0.0003
scaffold_1	4900000	4910000	0.0003
scaffold_1	4910000	4920000	0
scaffold_1	4920000	4930000	0.0002
scaffold_1	4930000	4940000	0.0003
scaffold_1	4940000	4950000	0.0005
scaffold_1	4950000	4960000	0
scaffold_1	4960000	4970000	0
scaffold_1	4970000	4980000	0.0003
scaffold_1	4980000	4990000	0.0004
scaffold_1	4990000	5000000	0.0005
scaffold_1	5000000	5010000	0.0002
scaffold_1	5010000	5020000	0.0004
scaffold_1	5020000	5030000	0.0003
scaffold_1	5030000	5040000	0.0004
scaffold_1	5040000	5050000	0.0003
scaffold_1	5050000	5060000	0
scaffold_1	5060000	5070000	0
scaffold_1	5070000	5080000	0.0002
scaffold_1	5080000	5090000	0.0001
scaffold_1	5090000	5100000	0.0002
scaffold_1	5100000	5110000	0.0003
scaffold_1	5110000	5120000	0.0002
scaffold_1	5120000	5130000	0.0003
scaffold_1	5130000	5140000	0.0003
scaffold_1	5140000	5150000	0.0003
scaffold_1	5150000	5160000	0.0004
scaffold_1	5160000	5170000	0.0003
scaffold_1	5170000	5180000	0.0003
scaffold_1	5180000	5190000	0.0001
scaffold_1	5190000	5200000	0.0002
scaffold_1	5200000	5210000	0.0002
scaffold_1	5210000	5220000	0.0005
scaffold_1	5220000	5230000	0.0003
scaffold_1	5230000	5240000	0.0005
scaffold_1	5240000	5250000	0.0004
scaffold_1	5250000	5260000	0.0003
scaffold_1	5260000	5270000	0.0003
scaffold_1	5270000	5280000	0.0004
scaffold_1	5280000	5290000	0.0006
scaffold_1	5290000	5300000	0.0002
scaffold_1	5300000	5310000	0.0003
scaffold_1	5310000	5320000	0.0002
scaffold_1	5320000	5330000	0.0003
scaffold_1	5330000	5340000	0.0004
scaffold_1	5340000	5350000	0.0003
scaffold_1	5350000	5360000	0.0004
scaffold_1	5360000	5370000	0.0004
scaffold_1	5370000	5380000	0.0003
scaffold_1	5380000	5390000	0.0001
scaffold_1	5390000	5400000	0.0002
scaffold_1	5400000	5410000	0.0002
scaffold_1	5410000	5420000	0.0004
scaffold_1	5420000	5430000	0.0005
scaffold_1	5430000	5440000	0.0003
scaffold_1	5440000	5450000	0.0006
scaffold_1	5450000	5460000	0.0003
scaffold_1	5460000	5470000	0.0004
scaffold_1	5470000	5480000	0.0003
scaffold_1	5480000	5490000	0.0003
scaffold_1	5490000	5500000	0.0002
scaffold_1	5500000	5510000	0.0004
scaffold_1	5510000	5520000	0.0004
scaffold_1	5520000	5530000	0.0002
scaffold_1	5530000	5540000	0.0002
scaffold_1	5540000	5550000	0.0006
scaffold_1	5550000	5560000	0.0003
scaffold_1	5560000	5570000	0.0003
scaffold_1	5570000	5580000	0.0003
scaffold_1	5580000	5590000	0.0004
scaffold_1	5590000	5600000	0.0006
scaffold_1	5600000	5610000	0.0007
scaffold_1	5610000	5620000	0.0003
scaffold_1	5620000	5630000	0.0003
scaffold_1	5630000	5640000	0.0004
scaffold_1	5640000	5650000	0.0004
scaffold_1	5650000	5660000	0.0003
scaffold_1	5660000	5670000	0.0004
scaffold_1	5670000	5680000	0.0002
scaffold_1	5680000	5690000	0.0003
scaffold_1	5690000	5700000	0.0002
scaffold_1	5700000	5710000	0.0004
scaffold_1	5710000	5720000	0.0004
scaffold_1	5720000	5730000	0.0003
scaffold_1	5730000	5740000	0.0004
scaffold_1	5740000	5750000	0.0003
scaffold_1	5750000	5760000	0.0004
scaffold_1	5760000	5770000	0.0003
scaffold_1	5770000	5780000	0.0003
scaffold_1	5780000	5790000	0.0006
scaffold_1	5790000	5800000	0.0003
scaffold_1	5800000	5810000	0.0003
scaffold_1	5810000	5820000	0.0002
scaffold_1	5820000	5830000	0.0003
scaffold_1	5830000	5840000	0.0003
scaffold_1	5840000	5850000	0.0002
scaffold_1	5850000	5860000	0.0004
scaffold_1	5860000	5870000	0.0005
scaffold_1	5870000	5880000	0.0005
scaffold_1	5880000	5890000	0.0004
scaffold_1	5890000	5900000	0.0001
scaffold_1	5900000	5910000	0.0003
scaffold_1	5910000	5920000	0.0004
scaffold_1	5920000	5930000	0.0005
scaffold_1	5930000	5940000	0.0004
scaffold_1	5940000	5950000	0.0002
scaffold_1	5950000	5960000	0.0003
scaffold_1	5960000	5970000	0.0005
scaffold_1	5970000	5980000	0.0005
scaffold_1	5980000	5990000	0.0002
scaffold_1	5990000	6000000	0.0005
scaffold_1	6000000	6010000	0.0004
scaffold_1	6010000	6020000	0.0003
scaffold_1	6020000	6030000	0.0001
scaffold_1	6030000	6030604	0.0001
scaffold_2	0	10000	0.0004
scaffold_2	10000	20000	0.0003
scaffold_2	20000	30000	0.0004
scaffold_2	30000	40000	0.0004
scaffold_2	40000	50000	0.0003
scaffold_2	50000	60000	0.0005
scaffold_2	60000	70000	0.0004
scaffold_2	70000	80000	0.0003
scaffold_2	80000	90000	0.0006
scaffold_2	90000	100000	0.0002
scaffold_2	100000	110000	0.0002
scaffold_2	110000	120000	0.0003
scaffold_2	120000	130000	0.0005
scaffold_2	130000	140000	0.0002
scaffold_2	140000	150000	0.0003
scaffold_2	150000	160000	0.0004
scaffold_2	160000	170000	0.0005
scaffold_2	170000	180000	0.0004
scaffold_2	180000	190000	0.0003
scaffold_2	190000	200000	0.0003
scaffold_2	200000	210000	0.0004
scaffold_2	210000	220000	0.0003
scaffold_2	220000	230000	0.0004
scaffold_2	230000	240000	0.0003
scaffold_2	240000	250000	0.0002
scaffold_2	250000	260000	0.0002
scaffold_2	260000	270000	0.0004
scaffold_2	270000	280000	0.0003
scaffold_2	280000	290000	0.0004
scaffold_2	290000	300000	0.0001
scaffold_2	300000	310000	0.0003
scaffold_2	310000	320000	0.0004
scaffold_2	320000	330000	0.0007
scaffold_2	330000	340000	0.0005
scaffold_2	340000	350000	0.0001
scaffold_2	350000	360000	0.0003
scaffold_2	360000	370000	0.0005
scaffold_2	370000	380000	0.0005
scaffold_2	380000	390000	0.0004
scaffold_2	390000	400000	0.0005
scaffold_2	400000	410000	0.0001
scaffold_2	410000	420000	0.0002
scaffold_2	420000	430000	0.0002
scaffold_2	430000	440000	0.0004
scaffold_2	440000	450000	0.0003
scaffold_2	450000	460000	0.0004
scaffold_2	460000	470000	0.0006
scaffold_2	470000	480000	0.0002
scaffold_2	480000	490000	0.0006
scaffold_2	490000	500000	0.0004
scaffold_2	500000	510000	0.0002
scaffold_2	510000	520000	0.0004
scaffold_2	520000	530000	0.0005
scaffold_2	530000	540000	0.0005
scaffold_2	540000	550000	0.0002
scaffold_2	550000	560000	0.0005
scaffold_2	560000	570000	0.0002
scaffold_2	570000	580000	0.0002
scaffold_2	580000	590000	0.0003
scaffold_2	590000	600000	0.0001
scaffold_2	600000	610000	0.0004
scaffold_2	610000	620000	0.0001
scaffold_2	620000	630000	0.0003
scaffold_2	630000	640000	0.0004
scaffold_2	640000	650000	0.0005
scaffold_2	650000	660000	0.0002
scaffold_2	660000	670000	0.0004
scaffold_2	670000	680000	0.0003
scaffold_2	680000	690000	0.0003
scaffold_2	690000	700000	0.0003
scaffold_2	700000	710000	0.0003
scaffold_2	710000	720000	0.0003
scaffold_2	720000	730000	0.0005
scaffold_2	730000	740000	0.0003
scaffold_2	740000	750000	0.0004
scaffold_2	750000	760000	0.0003
scaffold_2	760000	770000	0.0004
scaffold_2	770000	780000	0.0003
scaffold_2	780000	790000	0.0006
scaffold_2	790000	800000	0.0006
scaffold_2	800000	810000	0.0002
scaffold_2	810000	820000	0.0006
scaffold_2	820000	830000	0.0006
scaffold_2	830000	840000	0.0004
scaffold_2	840000	850000	0.0002
scaffold_2	850000	860000	0
scaffold_2	860000	870000	0.0001
scaffold_2	870000	880000	0.0005
scaffold_2	880000	890000	0.0002
scaffold_2	890000	900000	0.0004
scaffold_2	900000	910000	0.0005
scaffold_2	910000	920000	0.0006
scaffold_2	920000	930000	0.0004
scaffold_2	930000	940000	0.0003
scaffold_2	940000	950000	0.0003
scaffold_2	950000	960000	0.0005
scaffold_2	960000	970000	0.0001
scaffold_2	970000	980000	0.0003
scaffold_2	980000	990000	0.0004
scaffold_2	990000	1000000	0.0003
scaffold_2	1000000	1010000	0.0001
scaffold_2	1010000	1020000	0.0004
scaffold_2	1020000	1030000	0.0003
scaffold_2	1030000	1040000	0.0004
scaffold_2	1040000	1050000	0.0003
scaffold_2	1050000	1060000	0.0003
scaffold_2	1060000	1070000	0.0003
scaffold_2	1070000	1080000	0.0003
scaffold_2	1080000	1090000	0.0003
scaffold_2	1090000	1100000	0.0002
scaffold_2	1100000	1110000	0.0002
scaffold_2	1110000	1120000	0.0004
scaffold_2	1120000	1130000	0.0003
scaffold_2	1130000	1140000	0.0003
scaffold_2	1140000	1150000	0.0002
scaffold_2	1150000	1160000	0.0005
scaffold_2	1160000	1170000	0.0004
scaffold_2	1170000	1180000	0.0005
scaffold_2	1180000	1190000	0.0005
scaffold_2	1190000	1200000	0.0002
scaffold_2	1200000	1210000	0.0004
scaffold_2	1210000	1220000	0.0004
scaffold_2	1220000	1230000	0.0004
scaffold_2	1230000	1240000	0.0004
scaffold_2	1240000	1250000	0.0004
scaffold_2	1250000	1260000	0.0003
scaffold_2	1260000	1270000	0.0003
scaffold_2	1270000	1280000	0.0003
scaffold_2	1280000	1290000	0.0004
scaffold_2	1290000	1300000	0.0002
scaffold_2	1300000	1310000	0
scaffold_2	1310000	1320000	0
scaffold_2	1320000	1330000	0.0002
scaffold_2	1330000	1340000	0.0005
scaffold_2	1340000	1350000	0.0004
scaffold_2	1350000	1360000	0.0004
scaffold_2	1360000	1370000	0.0002
scaffold_2	1370000	1380000	0.0006
scaffold_2	1380000	1390000	0.0003
scaffold_2	1390000	1400000	0.0003
scaffold_2	1400000	1410000	0.0002
scaffold_2	1410000	1420000	0.0003
scaffold_2	1420000	1430000	0.0001
scaffold_2	1430000	1440000	0.0006
scaffold_2	1440000	1450000	0.0004
scaffold_2	1450000	1460000	0.0003
scaffold_2	1460000	1470000	0.0005
scaffold_2	1470000	1480000	0.0003
scaffold_2	1480000	1490000	0.0003
scaffold_2	1490000	1500000	0.0004
scaffold_2	1500000	1510000	0.0005
scaffold_2	1510000	1520000	0.0003
scaffold_2	1520000	1530000	0.0004
scaffold_2	1530000	1540000	0.0004
scaffold_2	1540000	1550000	0.0004
scaffold_2	1550000	1560000	0.0003
scaffold_2	1560000	1570000	0.0004
scaffold_2	1570000	1580000	0.0003
scaffold_2	1580000	1590000	0.0004
scaffold_2	1590000	1600000	0.0004
scaffold_2	1600000	1610000	0.0001
scaffold_2	1610000	1620000	0
scaffold_2	1620000	1630000	0.0003
scaffold_2	1630000	1640000	0.0004
scaffold_2	1640000	1650000	0.0001
scaffold_2	1650000	1660000	0.0002
scaffold_2	1660000	1670000	0.0002
scaffold_2	1670000	1680000	0.0004
scaffold_2	1680000	1690000	0.0002
scaffold_2	1690000	1700000	0.0003
scaffold_2	1700000	1710000	0.0004
scaffold_2	1710000	1720000	0.0002
scaffold_2	1720000	1730000	0.0001
scaffold_2	1730000	1740000	0.0003
scaffold_2	1740000	1750000	0.0006
scaffold_2	1750000	1760000	0.0005
scaffold_2	1760000	1770000	0.0001
scaffold_2	1770000	1780000	0.0001
scaffold_2	1780000	1790000	0.0004
scaffold_2	1790000	1800000	0.0004
scaffold_2	1800000	1810000	0.0002
scaffold_2	1810000	1820000	0.0004
scaffold_2	1820000	1830000	0.0003
scaffold_2	1830000	1840000	0.0002
scaffold_2	1840000	1850000	0.0001
scaffold_2	1850000	1860000	0.0003
scaffold_2	1860000	1870000	0.0002
scaffold_2	1870000	1880000	0.0001
scaffold_2	1880000	1890000	0.0003
scaffold_2	1890000	1900000	0.0001
scaffold_2	1900000	1910000	0
scaffold_2	1910000	1920000	0.0002
scaffold_2	1920000	1930000	0.0003
scaffold_2	1930000	1940000	0.0004
scaffold_2	1940000	1950000	0.0004
scaffold_2	1950000	1960000	0.0003
scaffold_2	1960000	1970000	0.0003
scaffold_2	1970000	1980000	0.0002
scaffold_2	1980000	1990000	0.0001
scaffold_2	1990000	2000000	0.0001
scaffold_2	2000000	2010000	0.0002
scaffold_2	2010000	2020000	0.0005
scaffold_2	2020000	2030000	0.0003
scaffold_2	2030000	2040000	0.0003
scaffold_2	2040000	2050000	0.0004
scaffold_2	2050000	2060000	0.0003
scaffold_2	2060000	2070000	0.0005
scaffold_2	2070000	2080000	0.0002
scaffold_2	2080000	2090000	0.0004
scaffold_2	2090000	2100000	0.0001
scaffold_2	2100000	2110000	0.0003
scaffold_2	2110000	2120000	0.0007
scaffold_2	2120000	2130000	0.0003
scaffold_2	2130000	2140000	0.0005
scaffold_2	2140000	2150000	0.0004
scaffold_2	2150000	2160000	0
scaffold_2	2160000	2170000	0.0003
scaffold_2	2170000	2180000	0.0003
scaffold_2	2180000	2190000	0.0004
scaffold_2	2190000	2200000	0.0002
scaffold_2	2200000	2210000	0.0006
scaffold_2	2210000	2220000	0.0005
scaffold_2	2220000	2230000	0.0003
scaffold_2	2230000	2240000	0.0002
scaffold_2	2240000	2250000	0.0005
scaffold_2	2250000	2260000	0.0002
scaffold_2	2260000	2270000	0.0002
scaffold_2	2270000	2280000	0.0003
scaffold_2	2280000	2290000	0.0001
scaffold_2	2290000	2300000	0.0004
scaffold_2	2300000	2310000	0
scaffold_2	2310000	2320000	0.0003
scaffold_2	2320000	2330000	0.0005
scaffold_2	2330000	2340000	0.0002
scaffold_2	2340000	2350000	0.0001
scaffold_2	2350000	2360000	0.0003
scaffold_2	2360000	2370000	0.0005
scaffold_2	2370000	2380000	0.0003
scaffold_2	2380000	2390000	0.0004
scaffold_2	2390000	2400000	0.0002
scaffold_2	2400000	2410000	0
scaffold_2	2410000	2420000	0.0001
scaffold_2	2420000	2430000	0.0005
scaffold_2	2430000	2440000	0.0004
scaffold_2	2440000	2450000	0.0003
scaffold_2	2450000	2460000	0.0006
scaffold_2	2460000	2470000	0.0003
scaffold_2	2470000	2480000	0.0001
scaffold_2	2480000	2490000	0.0004
scaffold_2	2490000	2500000	0.0006
scaffold_2	2500000	2510000	0.0003
scaffold_2	2510000	2520000	0
scaffold_2	2520000	2530000	0.0002
scaffold_2	2530000	2540000	0.0002
scaffold_2	2540000	2550000	0.0004
scaffold_2	2550000	2560000	0.0001
scaffold_2	2560000	2570000	0.0002
scaffold_2	2570000	2580000	0.0003
scaffold_2	2580000	2590000	0.0005
scaffold_2	2590000	2600000	0.0004
scaffold_2	2600000	2610000	0.0002
scaffold_2	2610000	2620000	0.0005
scaffold_2	2620000	2630000	0.0004
scaffold_2	2630000	2640000	0.0001
scaffold_2	2640000	2650000	0.0001
scaffold_2	2650000	2660000	0.0001
scaffold_2	2660000	2670000	0.0003
scaffold_2	2670000	2680000	0.0003
scaffold_2	2680000	2690000	0.0004
scaffold_2	2690000	2700000	0.0005
scaffold_2	2700000	2710000	0.0004
scaffold_2	2710000	2720000	0.0003
scaffold_2	2720000	2730000	0.0003
scaffold_2	2730000	2740000	0.0002
scaffold_2	2740000	2750000	0.0002
scaffold_2	2750000	2760000	0.0003
scaffold_2	2760000	2770000	0.0005
scaffold_2	2770000	2780000	0.0005
scaffold_2	2780000	2790000	0.0005
scaffold_2	2790000	2800000	0.0005
scaffold_2	2800000	2810000	0.0004
scaffold_2	2810000	2820000	0.0002
scaffold_2	2820000	2830000	0.0003
scaffold_2	2830000	2840000	0.0003
scaffold_2	2840000	2850000	0.0002
scaffold_2	2850000	2860000	0.0003
scaffold_2	2860000	2870000	0.0004
scaffold_2	2870000	2880000	0.0004
scaffold_2	2880000	2890000	0.0004
scaffold_2	2890000	2900000	0.0005
scaffold_2	2900000	2910000	0.0001
scaffold_2	2910000	2920000	0.0001
scaffold_2	2920000	2930000	0.0001
scaffold_2	2930000	2940000	0.0002
scaffold_2	2940000	2950000	0.0005
scaffold_2	2950000	2960000	0.0002
scaffold_2	2960000	2970000	0.0004
scaffold_2	2970000	2980000	0.0003
scaffold_2	2980000	2990000	0.0006
scaffold_2	2990000	3000000	0.0003
scaffold_2	3000000	3010000	0.0004
scaffold_2	3010000	3020000	0.0005
scaffold_2	3020000	3030000	0.0004
scaffold_2	3030000	3040000	0.0003
scaffold_2	3040000	3050000	0.0003
scaffold_2	3050000	3060000	0.0004
scaffold_2	3060000	3070000	0.0003
scaffold_2	3070000	3080000	0.0001
scaffold_2	3080000	3090000	0.0002
scaffold_2	3090000	3100000	0.0006
scaffold_2	3100000	3110000	0.0003
scaffold_2	3110000	3120000	0.0004
scaffold_2	3120000	3130000	0.0003
scaffold_2	3130000	3140000	0.0004
scaffold_2	3140000	3150000	0.0004
scaffold_2	3150000	3160000	0.0005
scaffold_2	3160000	3170000	0.0003
scaffold_2	3170000	3180000	0.0002
scaffold_2	3180000	3190000	0.0002
scaffold_2	3190000	3200000	0.0006
scaffold_2	3200000	3210000	0.0005
scaffold_2	3210000	3220000	0.0005
scaffold_2	3220000	3230000	0.0004
scaffold_2	3230000	3240000	0.0003
scaffold_2	3240000	3250000	0.0003
scaffold_2	3250000	3260000	0.0002
scaffold_2	3260000	3270000	0.0004
scaffold_2	3270000	3280000	0.0005
scaffold_2	3280000	3290000	0.0004
scaffold_2	3290000	3300000	0.0001
scaffold_2	3300000	3310000	0.0003
scaffold_2	3310000	3320000	0.0001
scaffold_2	3320000	3330000	0.0003
scaffold_2	3330000	3340000	0.0002
scaffold_2	3340000	3350000	0.0002
scaffold_2	3350000	3360000	0.0003
scaffold_2	3360000	3370000	0.0004
scaffold_2	3370000	3380000	0.0003
scaffold_2	3380000	3390000	0.0004
scaffold_2	3390000	3400000	0.0005
scaffold_2	3400000	3410000	0.0003
scaffold_2	3410000	3420000	0.0003
scaffold_2	3420000	3430000	0.0003
scaffold_2	3430000	3440000	0.0003
scaffold_2	3440000	3450000	0.0003
scaffold_2	3450000	3460000	0.0001
scaffold_2	3460000	3470000	0.0003
scaffold_2	3470000	3480000	0.0003
scaffold_2	3480000	3490000	0.0004
scaffold_2	3490000	3500000	0.0005
scaffold_2	3500000	3510000	0.0004
scaffold_2	3510000	3520000	0.0002
scaffold_2	3520000	3530000	0.0006
scaffold_2	3530000	3540000	0.0003
scaffold_2	3540000	3550000	0.0003
scaffold_2	3550000	3560000	0.0003
scaffold_2	3560000	3570000	0.0004
scaffold_2	3570000	3580000	0.0004
scaffold_2	3580000	3590000	0.0001
scaffold_2	3590000	3600000	0.0005
scaffold_2	3600000	3610000	0.0002
scaffold_2	3610000	3620000	0.0002
scaffold_2	3620000	3630000	0.0001
scaffold_2	3630000	3640000	0.0003
scaffold_2	3640000	3650000	0.0005
scaffold_2	3650000	3660000	0.0002
scaffold_2	3660000	3670000	0.0002
scaffold_2	3670000	3680000	0.0001
scaffold_2	3680000	3690000	0.0002
scaffold_2	3690000	3700000	0.0003
scaffold_2	3700000	3710000	0.0003
scaffold_2	3710000	3720000	0.0001
scaffold_2	3720000	3730000	0.0003
scaffold_2	3730000	3740000	0.0004
scaffold_2	3740000	3750000	0.0002
scaffold_2	3750000	3760000	0.0005
scaffold_2	3760000	3770000	0.0004
scaffold_2	3770000	3780000	0.0003
scaffold_2	3780000	3790000	0.0004
scaffold_2	3790000	3800000	0.0003
scaffold_2	3800000	3810000	0.0002
scaffold_2	3810000	3820000	0.0003
scaffold_2	3820000	3830000	0.0002
scaffold_2	3830000	3840000	0.0002
scaffold_2	3840000	3850000	0.0002
scaffold_2	3850000	3860000	0.0003
scaffold_2	3860000	3870000	0.0007
scaffold_2	3870000	3880000	0.0004
scaffold_2	3880000	3890000	0.0001
scaffold_2	3890000	3900000	0.0003
scaffold_2	3900000	3910000	0.0002
scaffold_2	3910000	3920000	0.0003
scaffold_2	3920000	3930000	0.0002
scaffold_2	3930000	3940000	0.0003
scaffold_2	3940000	3950000	0.0003
scaffold_2	3950000	3960000	0.0004
scaffold_2	3960000	3970000	0.0005
scaffold_2	3970000	3980000	0.0002
scaffold_2	3980000	3990000	0.0002
scaffold_2	3990000	4000000	0.0002
scaffold_2	4000000	4010000	0.0005
scaffold_2	4010000	4020000	0.0004
scaffold_2	4020000	4030000	0.0002
scaffold_2	4030000	4040000	0.0003
scaffold_2	4040000	4050000	0.0005
scaffold_2	4050000	4060000	0.0004
scaffold_2	4060000	4070000	0.0004
scaffold_2	4070000	4080000	0.0002
scaffold_2	4080000	4090000	0.0004
scaffold_2	4090000	4100000	0.0005
scaffold_2	4100000	4110000	0.0003
scaffold_2	4110000	4120000	0.0005
scaffold_2	4120000	4130000	0.0007
scaffold_2	4130000	4140000	0.0004
scaffold_2	4140000	4150000	0.0001
scaffold_2	4150000	4160000	0.0005
scaffold_2	4160000	4170000	0.0005
scaffold_2	4170000	4180000	0.0007
scaffold_2	4180000	4190000	0.0003
scaffold_2	4190000	4200000	0.0004
scaffold_2	4200000	4210000	0.0004
scaffold_2	4210000	4220000	0.0002
scaffold_2	4220000	4230000	0.0004
scaffold_2	4230000	4240000	0.0002
scaffold_2	4240000	4250000	0.0003
scaffold_2	4250000	4260000	0.0003
scaffold_2	4260000	4270000	0.0004
scaffold_2	4270000	4280000	0.0003
scaffold_2	4280000	4290000	0.0003
scaffold_2	4290000	4300000	0.0003
scaffold_2	4300000	4310000	0.0002
scaffold_2	4310000	4320000	0
scaffold_2	4320000	4330000	0.0001
scaffold_2	4330000	4340000	0.0004
scaffold_2	4340000	4350000	0.0004
scaffold_2	4350000	4360000	0.0002
scaffold_2	4360000	4370000	0.0002
scaffold_2	4370000	4380000	0.0004
scaffold_2	4380000	4390000	0.0004
scaffold_2	4390000	4400000	0.0001
scaffold_2	4400000	4410000	0.0003
scaffold_2	4410000	4420000	0.0002
scaffold_2	4420000	4430000	0.0004
scaffold_2	4430000	4440000	0.0003
scaffold_2	4440000	4450000	0.0001
scaffold_2	4450000	4460000	0.0002
scaffold_2	4460000	4470000	0.0003
scaffold_2	4470000	4480000	0.0003
scaffold_2	4480000	4490000	0.0003
scaffold_2	4490000	4500000	0.0004
scaffold_2	4500000	4510000	0.0003
scaffold_2	4510000	4520000	0.0002
scaffold_2	4520000	4530000	0.0003
scaffold_2	4530000	4540000	0.0004
scaffold_2	4540000	4550000	0.0004
scaffold_2	4550000	4557430	0.0003
scaffold_3	0	10000	0
scaffold_3	10000	20000	0
scaffold_3	20000	30000	0
scaffold_3	30000	40000	0
scaffold_3	40000	50000	0.0001
scaffold_3	50000	60000	0.0004
scaffold_3	60000	70000	0.0005
scaffold_3	70000	80000	0.0005
scaffold_3	80000	90000	0.0003
scaffold_3	90000	100000	0.0003
scaffold_3	100000	110000	0.0004
scaffold_3	110000	120000	0.0004
scaffold_3	120000	130000	0.0003
scaffold_3	130000	140000	0.0006
scaffold_3	140000	150000	0.0004
scaffold_3	150000	160000	0.0004
scaffold_3	160000	170000	0.0002
scaffold_3	170000	180000	0.0003
scaffold_3	180000	190000	0.0002
scaffold_3	190000	200000	0.0004
scaffold_3	200000	210000	0.0004
scaffold_3	210000	220000	0.0002
scaffold_3	220000	230000	0.0002
scaffold_3	230000	240000	0.0003
scaffold_3	240000	250000	0.0004
scaffold_3	250000	260000	0.0005
scaffold_3	260000	270000	0.0005
scaffold_3	270000	280000	0.0004
scaffold_3	280000	290000	0.0004
scaffold_3	290000	300000	0.0004
scaffold_3	300000	310000	0.0002
scaffold_3	310000	320000	0.0001
scaffold_3	320000	330000	0.0002
scaffold_3	330000	340000	0.0003
scaffold_3	340000	350000	0.0004
scaffold_3	350000	360000	0.0003
scaffold_3	360000	370000	0.0004
scaffold_3	370000	380000	0.0003
scaffold_3	380000	390000	0.0004
scaffold_3	390000	400000	0.0002
scaffold_3	400000	410000	0.0005
scaffold_3	410000	420000	0.0001
scaffold_3	420000	430000	0.0003
scaffold_3	430000	440000	0.0003
scaffold_3	440000	450000	0.0004
scaffold_3	450000	460000	0.0004
scaffold_3	460000	470000	0.0003
scaffold_3	470000	480000	0.0004
scaffold_3	480000	490000	0.0001
scaffold_3	490000	500000	0.0001
scaffold_3	500000	510000	0.0002
scaffold_3	510000	520000	0.0004
scaffold_3	520000	530000	0.0002
scaffold_3	530000	540000	0.0002
scaffold_3	540000	550000	0.0001
scaffold_3	550000	560000	0.0003
scaffold_3	560000	570000	0.0004
scaffold_3	570000	580000	0.0004
scaffold_3	580000	590000	0.0003
scaffold_3	590000	600000	0.0004
scaffold_3	600000	610000	0.0004
scaffold_3	610000	620000	0.0006
scaffold_3	620000	630000	0.0005
scaffold_3	630000	640000	0.0004
scaffold_3	640000	650000	0.0004
scaffold_3	650000	660000	0.0003
scaffold_3	660000	670000	0.0003
scaffold_3	670000	680000	0.0003
scaffold_3	680000	690000	0.0004
scaffold_3	690000	700000	0.0002
scaffold_3	700000	710000	0.0003
scaffold_3	710000	720000	0.0003
scaffold_3	720000	730000	0.0004
scaffold_3	730000	740000	0.0007
scaffold_3	740000	750000	0.0004
scaffold_3	750000	760000	0.0002
scaffold_3	760000	770000	0.0004
scaffold_3	770000	780000	0.0003
scaffold_3	780000	790000	0.0004
scaffold_3	790000	800000	0.0004
scaffold_3	800000	810000	0.0003
scaffold_3	810000	820000	0.0003
scaffold_3	820000	830000	0.0003
scaffold_3	830000	840000	0.0007
scaffold_3	840000	850000	0.0005
scaffold_3	850000	860000	0.0001
scaffold_3	860000	870000	0.0004
scaffold_3	870000	880000	0.0005
scaffold_3	880000	890000	0.0002
scaffold_3	890000	900000	0.0003
scaffold_3	900000	910000	0.0004
scaffold_3	910000	920000	0.0002
scaffold_3	920000	930000	0.0006
scaffold_3	930000	940000	0.0002
scaffold_3	940000	950000	0.0001
scaffold_3	950000	960000	0.0004
scaffold_3	960000	970000	0.0003
scaffold_3	970000	980000	0.0004
scaffold_3	980000	990000	0.0004
scaffold_3	990000	1000000	0.0003
scaffold_3	1000000	1010000	0.0004
scaffold_3	1010000	1020000	0.0003
scaffold_3	1020000	1030000	0.0004
scaffold_3	1030000	1040000	0
scaffold_3	1040000	1050000	0
scaffold_3	1050000	1060000	0.0004
scaffold_3	1060000	1070000	0.0001
scaffold_3	1070000	1080000	0.0003
scaffold_3	1080000	1090000	0.0005
scaffold_3	1090000	1100000	0.0001
scaffold_3	1100000	1110000	0.0001
scaffold_3	1110000	1120000	0.0004
scaffold_3	1120000	1130000	0.0005
scaffold_3	1130000	1140000	0.0006
scaffold_3	1140000	1150000	0.0004
scaffold_3	1150000	1160000	0.0004
scaffold_3	1160000	1170000	0.0003
scaffold_3	1170000	1180000	0.0002
scaffold_3	1180000	1190000	0.0004
scaffold_3	1190000	1200000	0.0002
scaffold_3	1200000	1210000	0.0002
scaffold_3	1210000	1220000	0.0005
scaffold_3	1220000	1230000	0.0003
scaffold_3	1230000	1240000	0.0004
scaffold_3	1240000	1250000	0.0003
scaffold_3	1250000	1260000	0.0001
scaffold_3	1260000	1270000	0.0004
scaffold_3	1270000	1280000	0.0003
scaffold_3	1280000	1290000	0.0006
scaffold_3	1290000	1300000	0.0004
scaffold_3	1300000	1310000	0.0003
scaffold_3	1310000	1320000	0.0002
scaffold_3	1320000	1330000	0.0005
scaffold_3	1330000	1340000	0.0004
scaffold_3	1340000	1350000	0.0004
scaffold_3	1350000	1360000	0.0006
scaffold_3	1360000	1370000	0.0003
scaffold_3	1370000	1380000	0.0001
scaffold_3	1380000	1390000	0.0004
scaffold_3	1390000	1400000	0.0002
scaffold_3	1400000	1410000	0.0001
scaffold_3	1410000	1420000	0.0001
scaffold_3	1420000	1430000	0
scaffold_3	1430000	1440000	0
scaffold_3	1440000	1450000	0.0001
scaffold_3	1450000	1460000	0.0002
scaffold_3	1460000	1470000	0.0003
scaffold_3	1470000	1480000	0.0004
scaffold_3	1480000	1490000	0.0003
scaffold_3	1490000	1500000	0.0005
scaffold_3	1500000	1510000	0.0003
scaffold_3	1510000	1520000	0.0002
scaffold_3	1520000	1530000	0.0003
scaffold_3	1530000	1540000	0.0003
scaffold_3	1540000	1550000	0.0004
scaffold_3	1550000	1560000	0.0001
scaffold_3	1560000	1570000	0.0002
scaffold_3	1570000	1580000	0.0001
scaffold_3	1580000	1590000	0.0002
scaffold_3	1590000	1600000	0.0003
scaffold_3	1600000	1610000	0.0002
scaffold_3	1610000	1620000	0.0002
scaffold_3	1620000	1630000	0.0005
scaffold_3	1630000	1640000	0.0004
scaffold_3	1640000	1650000	0.0003
scaffold_3	1650000	1660000	0.0001
scaffold_3	1660000	1670000	0.0001
scaffold_3	1670000	1680000	0.0004
scaffold_3	1680000	1690000	0.0003
scaffold_3	1690000	1700000	0.0004
scaffold_3	1700000	1710000	0.0003
scaffold_3	1710000	1720000	0.0005
scaffold_3	1720000	1730000	0.0002
scaffold_3	1730000	1740000	0.0004
scaffold_3	1740000	1750000	0.0003
scaffold_3	1750000	1760000	0.0003
scaffold_3	1760000	1770000	0.0003
scaffold_3	1770000	1780000	0.0003
scaffold_3	1780000	1790000	0.0004
scaffold_3	1790000	1800000	0.0004
scaffold_3	1800000	1810000	0.0006
scaffold_3	1810000	1820000	0.0003
scaffold_3	1820000	1830000	0.0002
scaffold_3	1830000	1840000	0.0004
scaffold_3	1840000	1850000	0.0005
scaffold_3	1850000	1860000	0.0004
scaffold_3	1860000	1870000	0.0005
scaffold_3	1870000	1880000	0.0002
scaffold_3	1880000	1890000	0.0006
scaffold_3	1890000	1900000	0.0003
scaffold_3	1900000	1910000	0.0004
scaffold_3	1910000	1920000	0.0004
scaffold_3	1920000	1930000	0.0004
scaffold_3	1930000	1940000	0.0004
scaffold_3	1940000	1950000	0.0005
scaffold_3	1950000	1960000	0.0005
scaffold_3	1960000	1970000	0.0003
scaffold_3	1970000	1980000	0.0003
scaffold_3	1980000	1990000	0.0004
scaffold_3	1990000	2000000	0.0004
scaffold_3	2000000	2010000	0.0004
scaffold_3	2010000	2020000	0.0003
scaffold_3	2020000	2030000	0.0003
scaffold_3	2030000	2040000	0.0005
scaffold_3	2040000	2050000	0.0001
scaffold_3	2050000	2060000	0.0003
scaffold_3	2060000	2070000	0.0006
scaffold_3	2070000	2080000	0.0002
scaffold_3	2080000	2090000	0.0006
scaffold_3	2090000	2100000	0.0004
scaffold_3	2100000	2110000	0.0002
scaffold_3	2110000	2120000	0.0003
scaffold_3	2120000	2130000	0.0003
scaffold_3	2130000	2140000	0.0002
scaffold_3	2140000	2150000	0
scaffold_3	2150000	2160000	0.0004
scaffold_3	2160000	2170000	0.0006
scaffold_3	2170000	2180000	0.0004
scaffold_3	2180000	2190000	0.0002
scaffold_3	2190000	2200000	0.0004
scaffold_3	2200000	2210000	0.0003
scaffold_3	2210000	2220000	0.0003
scaffold_3	2220000	2230000	0.0002
scaffold_3	2230000	2240000	0.0003
scaffold_3	2240000	2250000	0.0002
scaffold_3	2250000	2260000	0.0003
scaffold_3	2260000	2270000	0.0004
scaffold_3	2270000	2280000	0.0003
scaffold_3	2280000	2290000	0.0003
scaffold_3	2290000	2300000	0.0003
scaffold_3	2300000	2310000	0.0002
scaffold_3	2310000	2320000	0.0003
scaffold_3	2320000	2330000	0.0003
scaffold_3	2330000	2340000	0.0003
scaffold_3	2340000	2350000	0.0001
scaffold_3	2350000	2360000	0.0003
scaffold_3	2360000	2370000	0.0003
scaffold_3	2370000	2380000	0.0001
scaffold_3	2380000	2390000	0.0003
scaffold_3	2390000	2400000	0.0004
scaffold_3	2400000	2410000	0.0003
scaffold_3	2410000	2420000	0.0002
scaffold_3	2420000	2430000	0.0004
scaffold_3	2430000	2440000	0.0005
scaffold_3	2440000	2450000	0.0004
scaffold_3	2450000	2460000	0.0004
scaffold_3	2460000	2470000	0.0004
scaffold_3	2470000	2480000	0.0004
scaffold_3	2480000	2490000	0.0002
scaffold_3	2490000	2500000	0.0002
scaffold_3	2500000	2510000	0.0005
scaffold_3	2510000	2520000	0.0001
scaffold_3	2520000	2530000	0.0001
scaffold_3	2530000	2540000	0.0001
scaffold_3	2540000	2550000	0
scaffold_3	2550000	2560000	0.0002
scaffold_3	2560000	2570000	0.0007
scaffold_3	2570000	2580000	0.0004
scaffold_3	2580000	2590000	0.0004
scaffold_3	2590000	2600000	0.0004
scaffold_3	2600000	2610000	0.0004
scaffold_3	2610000	2620000	0.0001
scaffold_3	2620000	2630000	0.0002
scaffold_3	2630000	2640000	0.0003
scaffold_3	2640000	2650000	0.0002
scaffold_3	2650000	2660000	0.0001
scaffold_3	2660000	2670000	0.0006
scaffold_3	2670000	2680000	0.0005
scaffold_3	2680000	2690000	0.0005
scaffold_3	2690000	2700000	0.0004
scaffold_3	2700000	2710000	0.0002
scaffold_3	2710000	2720000	0.0002
scaffold_3	2720000	2730000	0.0003
scaffold_3	2730000	2740000	0.0001
scaffold_3	2740000	2750000	0.0004
scaffold_3	2750000	2760000	0.0003
scaffold_3	2760000	2770000	0.0004
scaffold_3	2770000	2780000	0.0004
scaffold_3	2780000	2790000	0.0003
scaffold_3	2790000	2800000	0.0006
scaffold_3	2800000	2810000	0.0003
scaffold_3	2810000	2820000	0.0002
scaffold_3	2820000	2830000	0.0004
scaffold_3	2830000	2840000	0.0003
scaffold_3	2840000	2850000	0.0004
scaffold_3	2850000	2860000	0.0006
scaffold_3	2860000	2870000	0.0003
scaffold_3	2870000	2880000	0.0003
scaffold_3	2880000	2890000	0.0002
scaffold_3	2890000	2900000	0.0001
scaffold_3	2900000	2910000	0.0004
scaffold_3	2910000	2920000	0.0004
scaffold_3	2920000	2930000	0.0001
scaffold_3	2930000	2940000	0.0001
scaffold_3	2940000	2950000	0.0005
scaffold_3	2950000	2960000	0.0004
scaffold_3	2960000	2970000	0.0003
scaffold_3	2970000	2980000	0.0005
scaffold_3	2980000	2990000	0.0003
scaffold_3	2990000	3000000	0.0001
scaffold_3	3000000	3010000	0.0003
scaffold_3	3010000	3020000	0.0007
scaffold_3	3020000	3030000	0.0004
scaffold_3	3030000	3040000	0.0007
scaffold_3	3040000	3050000	0.0003
scaffold_3	3050000	3060000	0.0004
scaffold_3	3060000	3070000	0.0003
scaffold_3	3070000	3080000	0.0002
scaffold_3	3080000	3090000	0.0003
scaffold_3	3090000	3100000	0.0003
scaffold_3	3100000	3110000	0.0004
scaffold_3	3110000	3120000	0.0003
scaffold_3	3120000	3130000	0.0006
scaffold_3	3130000	3140000	0.0006
scaffold_3	3140000	3150000	0.0003
scaffold_3	3150000	3160000	0.0005
scaffold_3	3160000	3170000	0.0006
scaffold_3	3170000	3180000	0.0003
scaffold_3	3180000	3190000	0.0004
scaffold_3	3190000	3200000	0.0003
scaffold_3	3200000	3210000	0.0004
scaffold_3	3210000	3220000	0.0004
scaffold_3	3220000	3230000	0.0004
scaffold_3	3230000	3240000	0.0004
scaffold_3	3240000	3250000	0.0004
scaffold_3	3250000	3260000	0.0004
scaffold_3	3260000	3270000	0.0003
scaffold_3	3270000	3280000	0.0003
scaffold_3	3280000	3290000	0.0005
scaffold_3	3290000	3300000	0.0004
scaffold_3	3300000	3310000	0.0003
scaffold_3	3310000	3320000	0.0001
scaffold_3	3320000	3330000	0.0003
scaffold_3	3330000	3340000	0.0005
scaffold_3	3340000	3350000	0.0004
scaffold_3	3350000	3360000	0.0002
scaffold_3	3360000	3370000	0.0003
scaffold_3	3370000	3380000	0.0004
scaffold_3	3380000	3390000	0.0004
scaffold_3	3390000	3400000	0.0003
scaffold_3	3400000	3410000	0.0005
scaffold_3	3410000	3420000	0.0004
scaffold_3	3420000	3430000	0.0005
scaffold_3	3430000	3440000	0.0003
scaffold_3	3440000	3450000	0.0006
scaffold_3	3450000	3460000	0.0006
scaffold_3	3460000	3470000	0.0002
scaffold_3	3470000	3480000	0.0003
scaffold_3	3480000	3490000	0.0006
scaffold_3	3490000	3500000	0.0004
scaffold_3	3500000	3510000	0.0002
scaffold_3	3510000	3520000	0.0001
scaffold_3	3520000	3530000	0.0004
scaffold_3	3530000	3540000	0.0002
scaffold_3	3540000	3550000	0.0004
scaffold_3	3550000	3560000	0.0005
scaffold_3	3560000	3570000	0.0001
scaffold_3	3570000	3580000	0.0004
scaffold_3	3580000	3590000	0.0005
scaffold_3	3590000	3600000	0.0003
scaffold_3	3600000	3610000	0.0004
scaffold_3	3610000	3620000	0.0004
scaffold_3	3620000	3630000	0.0003
scaffold_3	3630000	3640000	0.0001
scaffold_3	3640000	3650000	0.0006
scaffold_3	3650000	3660000	0.0006
scaffold_3	3660000	3670000	0.0005
scaffold_3	3670000	3680000	0.0004
scaffold_3	3680000	3690000	0.0003
scaffold_3	3690000	3700000	0.0003
scaffold_3	3700000	3710000	0.0004
scaffold_3	3710000	3720000	0.0004
scaffold_3	3720000	3730000	0.0002
scaffold_3	3730000	3740000	0.0005
scaffold_3	3740000	3750000	0.0006
scaffold_3	3750000	3760000	0.0004
scaffold_3	3760000	3770000	0.0004
scaffold_3	3770000	3780000	0.0004
scaffold_3	3780000	3790000	0.0001
scaffold_3	3790000	3800000	0.0004
scaffold_3	3800000	3810000	0.0002
scaffold_3	3810000	3820000	0.0003
scaffold_3	3820000	3830000	0.0005
scaffold_3	3830000	3840000	0.0002
scaffold_3	3840000	3850000	0.0002
scaffold_3	3850000	3860000	0
scaffold_3	3860000	3870000	0.0001
scaffold_3	3870000	3880000	0.0005
scaffold_3	3880000	3890000	0.0005
scaffold_3	3890000	3900000	0.0003
scaffold_3	3900000	3910000	0.0004
scaffold_3	3910000	3920000	0.0002
scaffold_3	3920000	3930000	0.0003
scaffold_3	3930000	3940000	0.0001
scaffold_3	3940000	3950000	0.0004
scaffold_3	3950000	3960000	0.0005
scaffold_3	3960000	3970000	0.0004
scaffold_3	3970000	3980000	0.0003
scaffold_3	3980000	3990000	0.0006
scaffold_3	3990000	4000000	0.0004
scaffold_3	4000000	4010000	0.0002
scaffold_3	4010000	4020000	0.0001
scaffold_3	4020000	4030000	0.0003
scaffold_3	4030000	4040000	0.0002
scaffold_3	4040000	4050000	0.0003
scaffold_3	4050000	4060000	0.0004
scaffold_3	4060000	4070000	0.0004
scaffold_3	4070000	4080000	0.0003
scaffold_3	4080000	4090000	0.0005
scaffold_3	4090000	4100000	0.0003
scaffold_3	4100000	4110000	0.0001
scaffold_3	4110000	4120000	0.0003
scaffold_3	4120000	4130000	0.0003
scaffold_3	4130000	4140000	0.0001
scaffold_3	4140000	4150000	0
scaffold_3	4150000	4160000	0
scaffold_3	4160000	4170000	0.0001
scaffold_3	4170000	4180000	0.0001
scaffold_3	4180000	4190000	0.0002
scaffold_3	4190000	4200000	0.0002
scaffold_3	4200000	4210000	0.0002
scaffold_3	4210000	4220000	0.0002
scaffold_3	4220000	4230000	0
scaffold_3	4230000	4240000	0.0005
scaffold_3	4240000	4250000	0.0003
scaffold_3	4250000	4260000	0.0004
scaffold_3	4260000	4270000	0.0003
scaffold_3	4270000	4280000	0.0003
scaffold_3	4280000	4290000	0.0004
scaffold_3	4290000	4300000	0.0003
scaffold_3	4300000	4310000	0.0006
scaffold_3	4310000	4320000	0.0002
scaffold_3	4320000	4330000	0.0004
scaffold_3	4330000	4340000	0.0005
scaffold_3	4340000	4350000	0.0003
scaffold_3	4350000	4360000	0.0004
scaffold_3	4360000	4370000	0.0004
scaffold_3	4370000	4380000	0.0003
scaffold_3	4380000	4385535	0.0003
scaffold_4	0	10000	0.0005
scaffold_4	10000	20000	0.0003
scaffold_4	20000	30000	0.0004
scaffold_4	30000	40000	0.0003
scaffold_4	40000	50000	0.0006
scaffold_4	50000	60000	0.0004
scaffold_4	60000	70000	0.0006
scaffold_4	70000	80000	0.0003
scaffold_4	80000	90000	0.0005
scaffold_4	90000	100000	0.0003
scaffold_4	100000	110000	0.0003
scaffold_4	110000	120000	0.0005
scaffold_4	120000	130000	0.0003
scaffold_4	130000	140000	0.0003
scaffold_4	140000	150000	0.0003
scaffold_4	150000	160000	0.0006
scaffold_4	160000	170000	0.0003
scaffold_4	170000	180000	0.0004
scaffold_4	180000	190000	0.0004
scaffold_4	190000	200000	0.0003
scaffold_4	200000	210000	0.0006
scaffold_4	210000	220000	0.0006
scaffold_4	220000	230000	0.0002
scaffold_4	230000	240000	0.0001
scaffold_4	240000	250000	0.0004
scaffold_4	250000	260000	0.0001
scaffold_4	260000	270000	0.0003
scaffold_4	270000	280000	0.0002
scaffold_4	280000	290000	0.0004
scaffold_4	290000	300000	0.0004
scaffold_4	300000	310000	0.0002
scaffold_4	310000	320000	0.0004
scaffold_4	320000	330000	0.0005
scaffold_4	330000	340000	0.0001
scaffold_4	340000	350000	0.0002
scaffold_4	350000	360000	0.0003
scaffold_4	360000	370000	0.0003
scaffold_4	370000	380000	0.0005
scaffold_4	380000	390000	0.0002
scaffold_4	390000	400000	0.0004
scaffold_4	400000	410000	0.0001
scaffold_4	410000	420000	0.0003
scaffold_4	420000	430000	0.0005
scaffold_4	430000	440000	0.0005
scaffold_4	440000	450000	0.0003
scaffold_4	450000	460000	0.0004
scaffold_4	460000	470000	0.0004
scaffold_4	470000	480000	0.0004
scaffold_4	480000	490000	0.0001
scaffold_4	490000	500000	0.0001
scaffold_4	500000	510000	0.0003
scaffold_4	510000	520000	0.0003
scaffold_4	520000	530000	0.0003
scaffold_4	530000	540000	0.0005
scaffold_4	540000	550000	0.0004
scaffold_4	550000	560000	0.0004
scaffold_4	560000	570000	0.0004
scaffold_4	570000	580000	0.0003
scaffold_4	580000	590000	0.0003
scaffold_4	590000	600000	0.0001
scaffold_4	600000	610000	0.0004
scaffold_4	610000	620000	0.0005
scaffold_4	620000	630000	0.0009
scaffold_4	630000	640000	0.0003
scaffold_4	640000	650000	0.0004
scaffold_4	650000	660000	0.0005
scaffold_4	660000	670000	0.0006
scaffold_4	670000	680000	0.0003
scaffold_4	680000	690000	0.0003
scaffold_4	690000	700000	0.0003
scaffold_4	700000	710000	0.0002
scaffold_4	710000	720000	0.0004
scaffold_4	720000	730000	0.0004
scaffold_4	730000	740000	0.0003
scaffold_4	740000	750000	0.0003
scaffold_4	750000	760000	0.0003
scaffold_4	760000	770000	0.0004
scaffold_4	770000	780000	0.0003
scaffold_4	780000	790000	0.0003
scaffold_4	790000	800000	0.0002
scaffold_4	800000	810000	0
scaffold_4	810000	820000	0.0002
scaffold_4	820000	830000	0.0003
scaffold_4	830000	840000	0.0004
scaffold_4	840000	850000	0.0004
scaffold_4	850000	860000	0.0002
scaffold_4	860000	870000	0.0004
scaffold_4	870000	880000	0.0004
scaffold_4	880000	890000	0.0001
scaffold_4	890000	900000	0.0004
scaffold_4	900000	910000	0.0005
scaffold_4	910000	920000	0.0002
scaffold_4	920000	930000	0.0002
scaffold_4	930000	940000	0.0003
scaffold_4	940000	950000	0.0003
scaffold_4	950000	960000	0.0003
scaffold_4	960000	970000	0.0001
scaffold_4	970000	980000	0.0002
scaffold_4	980000	990000	0.0004
scaffold_4	990000	1000000	0.0002
scaffold_4	1000000	1010000	0.0003
scaffold_4	1010000	1020000	0.0004
scaffold_4	1020000	1030000	0.0003
scaffold_4	1030000	1040000	0.0003
scaffold_4	1040000	1050000	0.0002
scaffold_4	1050000	1060000	0.0004
scaffold_4	1060000	1070000	0.0005
scaffold_4	1070000	1080000	0.0004
scaffold_4	1080000	1090000	0.0005
scaffold_4	1090000	1100000	0.0003
scaffold_4	1100000	1110000	0.0003
scaffold_4	1110000	1120000	0.0001
scaffold_4	1120000	1130000	0.0005
scaffold_4	1130000	1140000	0.0005
scaffold_4	1140000	1150000	0.0002
scaffold_4	1150000	1160000	0.0005
scaffold_4	1160000	1170000	0.0007
scaffold_4	1170000	1180000	0.0004
scaffold_4	1180000	1190000	0.0006
scaffold_4	1190000	1200000	0.0005
scaffold_4	1200000	1210000	0.0004
scaffold_4	1210000	1220000	0.0002
scaffold_4	1220000	1230000	0.0001
scaffold_4	1230000	1240000	0.0004
scaffold_4	1240000	1250000	0.0003
scaffold_4	1250000	1260000	0.0002
scaffold_4	1260000	1270000	0.0005
scaffold_4	1270000	1280000	0.0003
scaffold_4	1280000	1290000	0.0004
scaffold_4	1290000	1300000	0.0005
scaffold_4	1300000	1310000	0.0003
scaffold_4	1310000	1320000	0.0004
scaffold_4	1320000	1330000	0.0005
scaffold_4	1330000	1340000	0.0005
scaffold_4	1340000	1350000	0.0004
scaffold_4	1350000	1360000	0.0005
scaffold_4	1360000	1370000	0.0006
scaffold_4	1370000	1380000	0.0004
scaffold_4	1380000	1390000	0.0004
scaffold_4	1390000	1400000	0.0005
scaffold_4	1400000	1410000	0.0005
scaffold_4	1410000	1420000	0.0004
scaffold_4	1420000	1430000	0.0003
scaffold_4	1430000	1440000	0.0004
scaffold_4	1440000	1450000	0.0003
scaffold_4	1450000	1460000	0.0004
scaffold_4	1460000	1470000	0.0006
scaffold_4	1470000	1480000	0.0004
scaffold_4	1480000	1490000	0.0003
scaffold_4	1490000	1500000	0.0005
scaffold_4	1500000	1510000	0.0002
scaffold_4	1510000	1520000	0.0001
scaffold_4	1520000	1530000	0.0003
scaffold_4	1530000	1540000	0
scaffold_4	1540000	1550000	0.0003
scaffold_4	1550000	1560000	0.0002
scaffold_4	1560000	1570000	0.0003
scaffold_4	1570000	1580000	0.0006
scaffold_4	1580000	1590000	0.0003
scaffold_4	1590000	1600000	0.0004
scaffold_4	1600000	1610000	0.0004
scaffold_4	1610000	1620000	0.0006
scaffold_4	1620000	1630000	0.0005
scaffold_4	1630000	1640000	0.0002
scaffold_4	1640000	1650000	0.0004
scaffold_4	1650000	1660000	0.0004
scaffold_4	1660000	1670000	0.0004
scaffold_4	1670000	1680000	0.0003
scaffold_4	1680000	1690000	0
scaffold_4	1690000	1700000	0.0001
scaffold_4	1700000	1710000	0.0001
scaffold_4	1710000	1720000	0.0001
scaffold_4	1720000	1730000	0.0001
scaffold_4	1730000	1740000	0.0003
scaffold_4	1740000	1750000	0.0002
scaffold_4	1750000	1760000	0.0002
scaffold_4	1760000	1770000	0.0004
scaffold_4	1770000	1780000	0.0004
scaffold_4	1780000	1790000	0.0003
scaffold_4	1790000	1800000	0.0003
scaffold_4	1800000	1810000	0.0006
scaffold_4	1810000	1820000	0.0005
scaffold_4	1820000	1830000	0.0003
scaffold_4	1830000	1840000	0.0002
scaffold_4	1840000	1850000	0.0003
scaffold_4	1850000	1860000	0.0002
scaffold_4	1860000	1870000	0.0002
scaffold_4	1870000	1880000	0.0002
scaffold_4	1880000	1890000	0.0003
scaffold_4	1890000	1900000	0.0005
scaffold_4	1900000	1910000	0.0003
scaffold_4	1910000	1920000	0.0006
scaffold_4	1920000	1930000	0.0005
scaffold_4	1930000	1940000	0.0005
scaffold_4	1940000	1950000	0.0004
scaffold_4	1950000	1960000	0.0004
scaffold_4	1960000	1970000	0.0004
scaffold_4	1970000	1980000	0.0003
scaffold_4	1980000	1990000	0.0001
scaffold_4	1990000	2000000	0.0002
scaffold_4	2000000	2010000	0.0004
scaffold_4	2010000	2020000	0.0003
scaffold_4	2020000	2030000	0.0002
scaffold_4	2030000	2040000	0.0001
scaffold_4	2040000	2050000	0.0001
scaffold_4	2050000	2060000	0
scaffold_4	2060000	2070000	0
scaffold_4	2070000	2080000	0.0002
scaffold_4	2080000	2090000	0.0004
scaffold_4	2090000	2100000	0.0003
scaffold_4	2100000	2110000	0
scaffold_4	2110000	2120000	0.0003
scaffold_4	2120000	2130000	0.0002
scaffold_4	2130000	2140000	0.0004
scaffold_4	2140000	2150000	0.0003
scaffold_4	2150000	2160000	0.0002
scaffold_4	2160000	2170000	0.0003
scaffold_4	2170000	2180000	0.0003
scaffold_4	2180000	2190000	0.0001
scaffold_4	2190000	2200000	0.0002
scaffold_4	2200000	2210000	0.0004
scaffold_4	2210000	2220000	0.0001
scaffold_4	2220000	2230000	0.0002
scaffold_4	2230000	2240000	0.0004
scaffold_4	2240000	2250000	0.0003
scaffold_4	2250000	2260000	0
scaffold_4	2260000	2270000	0.0003
scaffold_4	2270000	2280000	0.0004
scaffold_4	2280000	2290000	0.0005
scaffold_4	2290000	2300000	0.0005
scaffold_4	2300000	2310000	0.0002
scaffold_4	2310000	2320000	0.0003
scaffold_4	2320000	2330000	0.0003
scaffold_4	2330000	2340000	0.0002
scaffold_4	2340000	2350000	0.0004
scaffold_4	2350000	2360000	0
scaffold_4	2360000	2370000	0.0004
scaffold_4	2370000	2380000	0.0004
scaffold_4	2380000	2390000	0.0003
scaffold_4	2390000	2400000	0.0005
scaffold_4	2400000	2410000	0.0004
scaffold_4	2410000	2420000	0.0004
scaffold_4	2420000	2430000	0.0006
scaffold_4	2430000	2440000	0.0006
scaffold_4	2440000	2450000	0.0006
scaffold_4	2450000	2460000	0.0002
scaffold_4	2460000	2470000	0.0003
scaffold_4	2470000	2480000	0.0002
scaffold_4	2480000	2490000	0.0003
scaffold_4	2490000	2491222	0.0001
scaffold_5	0	10000	0.0001
scaffold_5	10000	20000	0.0001
scaffold_5	20000	30000	0.0003
scaffold_5	30000	40000	0.0004
scaffold_5	40000	50000	0.0004
scaffold_5	50000	60000	0.0004
scaffold_5	60000	70000	0.0001
scaffold_5	70000	80000	0.0005
scaffold_5	80000	90000	0.0004
scaffold_5	90000	100000	0.0004
scaffold_5	100000	110000	0.0003
scaffold_5	110000	120000	0.0003
scaffold_5	120000	130000	0.0004
scaffold_5	130000	140000	0.0004
scaffold_5	140000	150000	0.0003
scaffold_5	150000	160000	0.0003
scaffold_5	160000	170000	0.0004
scaffold_5	170000	180000	0.0005
scaffold_5	180000	190000	0.0004
scaffold_5	190000	200000	0.0004
scaffold_5	200000	210000	0.0006
scaffold_5	210000	220000	0.0004
scaffold_5	220000	230000	0.0003
scaffold_5	230000	240000	0.0002
scaffold_5	240000	250000	0.0004
scaffold_5	250000	260000	0.0004
scaffold_5	260000	270000	0.0003
scaffold_5	270000	280000	0.0004
scaffold_5	280000	290000	0.0002
scaffold_5	290000	300000	0.0004
scaffold_5	300000	310000	0.0002
scaffold_5	310000	320000	0.0002
scaffold_5	320000	330000	0.0006
scaffold_5	330000	340000	0.0004
scaffold_5	340000	350000	0.0007
scaffold_5	350000	360000	0.0004
scaffold_5	360000	370000	0.0005
scaffold_5	370000	380000	0.0005
scaffold_5	380000	390000	0.0007
scaffold_5	390000	400000	0.0003
scaffold_5	400000	410000	0.0002
scaffold_5	410000	420000	0.0003
scaffold_5	420000	430000	0.0005
scaffold_5	430000	440000	0.0003
scaffold_5	440000	450000	0.0003
scaffold_5	450000	460000	0.0002
scaffold_5	460000	470000	0.0001
scaffold_5	470000	480000	0.0003
scaffold_5	480000	490000	0.0004
scaffold_5	490000	500000	0.0005
scaffold_5	500000	510000	0.0002
scaffold_5	510000	520000	0.0003
scaffold_5	520000	530000	0.0003
scaffold_5	530000	540000	0.0001
scaffold_5	540000	550000	0.0003
scaffold_5	550000	560000	0.0003
scaffold_5	560000	570000	0.0004
scaffold_5	570000	580000	0.0006
scaffold_5	580000	590000	0.0005
scaffold_5	590000	600000	0.0003
scaffold_5	600000	610000	0.0005
scaffold_5	610000	620000	0.0002
scaffold_5	620000	630000	0.0006
scaffold_5	630000	640000	0.0004
scaffold_5	640000	650000	0.0004
scaffold_5	650000	660000	0.0004
scaffold_5	660000	670000	0.0005
scaffold_5	670000	680000	0.0004
scaffold_5	680000	690000	0.0003
scaffold_5	690000	700000	0.0002
scaffold_5	700000	710000	0.0002
scaffold_5	710000	720000	0.0004
scaffold_5	720000	730000	0.0004
scaffold_5	730000	740000	0.0006
scaffold_5	740000	750000	0.0006
scaffold_5	750000	760000	0.0005
scaffold_5	760000	770000	0.0006
scaffold_5	770000	780000	0.0002
scaffold_5	780000	790000	0.0003
scaffold_5	790000	800000	0.0002
scaffold_5	800000	810000	0.0003
scaffold_5	810000	820000	0.0004
scaffold_5	820000	830000	0.0005
scaffold_5	830000	840000	0.0004
scaffold_5	840000	850000	0.0002
scaffold_5	850000	860000	0.0004
scaffold_5	860000	870000	0.0002
scaffold_5	870000	880000	0.0005
scaffold_5	880000	890000	0.0004
scaffold_5	890000	900000	0.0001
scaffold_5	900000	910000	0.0004
scaffold_5	910000	920000	0.0004
scaffold_5	920000	930000	0.0004
scaffold_5	930000	940000	0.0004
scaffold_5	940000	950000	0.0004
scaffold_5	950000	960000	0.0003
scaffold_5	960000	970000	0.0004
scaffold_5	970000	980000	0.0001
scaffold_5	980000	990000	0.0003
scaffold_5	990000	1000000	0.0005
scaffold_5	1000000	1010000	0.0003
scaffold_5	1010000	1020000	0.0003
scaffold_5	1020000	1030000	0.0004
scaffold_5	1030000	1040000	0.0003
scaffold_5	1040000	1050000	0.0004
scaffold_5	1050000	1060000	0.0005
scaffold_5	1060000	1070000	0.0004
scaffold_5	1070000	1080000	0.0004
scaffold_5	1080000	1090000	0.0005
scaffold_5	1090000	1100000	0.0004
scaffold_5	1100000	1110000	0.0004
scaffold_5	1110000	1120000	0.0005
scaffold_5	1120000	1130000	0.0002
scaffold_5	1130000	1140000	0.0005
scaffold_5	1140000	1150000	0.0005
scaffold_5	1150000	1160000	0.0005
scaffold_5	1160000	1170000	0.0004
scaffold_5	1170000	1180000	0.0003
scaffold_5	1180000	1190000	0.0002
scaffold_5	1190000	1200000	0.0002
scaffold_5	1200000	1210000	0
scaffold_5	1210000	1220000	0.0003
scaffold_5	1220000	1230000	0.0004
scaffold_5	1230000	1240000	0.0004
scaffold_5	1240000	1250000	0.0004
scaffold_5	1250000	1260000	0.0004
scaffold_5	1260000	1270000	0.0005
scaffold_5	1270000	1280000	0.0004
scaffold_5	1280000	1290000	0.0004
scaffold_5	1290000	1300000	0.0002
scaffold_5	1300000	1310000	0.0004
scaffold_5	1310000	1320000	0.0003
scaffold_5	1320000	1330000	0.0004
scaffold_5	1330000	1340000	0.0002
scaffold_5	1340000	1350000	0.0002
scaffold_5	1350000	1360000	0.0001
scaffold_5	1360000	1370000	0.0004
scaffold_5	1370000	1380000	0.0005
scaffold_5	1380000	1390000	0.0003
scaffold_5	1390000	1400000	0.0002
scaffold_5	1400000	1410000	0.0004
scaffold_5	1410000	1420000	0.0005
scaffold_5	1420000	1430000	0.0003
scaffold_5	1430000	1440000	0.0004
scaffold_5	1440000	1450000	0.0004
scaffold_5	1450000	1460000	0.0004
scaffold_5	1460000	1470000	0.0001
scaffold_5	1470000	1480000	0.0004
scaffold_5	1480000	1490000	0.0002
scaffold_5	1490000	1500000	0.0002
scaffold_5	1500000	1510000	0.0003
scaffold_5	1510000	1520000	0.0005
scaffold_5	1520000	1530000	0.0002
scaffold_5	1530000	1540000	0.0002
scaffold_5	1540000	1550000	0.0002
scaffold_5	1550000	1560000	0.0004
scaffold_5	1560000	1570000	0.0001
scaffold_5	1570000	1580000	0.0001
scaffold_5	1580000	1590000	0.0003
scaffold_5	1590000	1600000	0.0003
scaffold_5	1600000	1610000	0.0002
scaffold_5	1610000	1620000	0.0002
scaffold_5	1620000	1630000	0.0006
scaffold_5	1630000	1640000	0.0004
scaffold_5	1640000	1650000	0.0003
scaffold_5	1650000	1660000	0.0003
scaffold_5	1660000	1670000	0.0007
scaffold_5	1670000	1680000	0.0004
scaffold_5	1680000	1690000	0.0003
scaffold_5	1690000	1700000	0.0003
scaffold_5	1700000	1710000	0.0005
scaffold_5	1710000	1720000	0.0002
scaffold_5	1720000	1730000	0.0003
scaffold_5	1730000	1740000	0.0002
scaffold_5	1740000	1750000	0.0004
scaffold_5	1750000	1760000	0.0004
scaffold_5	1760000	1770000	0.0003
scaffold_5	1770000	1780000	0.0004
scaffold_5	1780000	1790000	0.0005
scaffold_5	1790000	1800000	0.0003
scaffold_5	1800000	1810000	0.0002
scaffold_5	1810000	1820000	0.0005
scaffold_5	1820000	1830000	0.0003
scaffold_5	1830000	1840000	0.0003
scaffold_5	1840000	1850000	0.0003
scaffold_5	1850000	1860000	0.0003
scaffold_5	1860000	1870000	0.0003
scaffold_5	1870000	1880000	0.0004
scaffold_5	1880000	1890000	0.0002
scaffold_5	1890000	1900000	0.0003
scaffold_5	1900000	1910000	0.0004
scaffold_5	1910000	1920000	0.0002
scaffold_5	1920000	1930000	0.0003
scaffold_5	1930000	1940000	0.0005
scaffold_5	1940000	1950000	0.0004
scaffold_5	1950000	1960000	0.0004
scaffold_5	1960000	1970000	0.0005
scaffold_5	1970000	1980000	0.0004
scaffold_5	1980000	1990000	0.0004
scaffold_5	1990000	2000000	0.0004
scaffold_5	2000000	2010000	0.0005
scaffold_5	2010000	2020000	0.0004
scaffold_5	2020000	2030000	0.0003
scaffold_5	2030000	2040000	0.0006
scaffold_5	2040000	2050000	0.0005
scaffold_5	2050000	2060000	0.0003
scaffold_5	2060000	2070000	0.0002
scaffold_5	2070000	2080000	0.0002
scaffold_5	2080000	2090000	0.0007
scaffold_5	2090000	2100000	0.0002
scaffold_5	2100000	2110000	0.0003
scaffold_5	2110000	2120000	0.0002
scaffold_5	2120000	2130000	0.0003
scaffold_5	2130000	2140000	0.0003
scaffold_5	2140000	2150000	0.0003
scaffold_5	2150000	2160000	0.0005
scaffold_5	2160000	2170000	0.0005
scaffold_5	2170000	2180000	0.0004
scaffold_5	2180000	2190000	0.0005
scaffold_5	2190000	2200000	0.0004
scaffold_5	2200000	2210000	0.0004
scaffold_5	2210000	2220000	0.0002
scaffold_5	2220000	2230000	0.0005
scaffold_5	2230000	2231147	0.0001
scaffold_6	0	10000	0.0005
scaffold_6	10000	20000	0.0006
scaffold_6	20000	30000	0.0005
scaffold_6	30000	40000	0.0004
scaffold_6	40000	50000	0.0004
scaffold_6	50000	60000	0.0004
scaffold_6	60000	70000	0.0003
scaffold_6	70000	80000	0.0003
scaffold_6	80000	90000	0.0004
scaffold_6	90000	100000	0.0002
scaffold_6	100000	110000	0.0001
scaffold_6	110000	120000	0.0002
scaffold_6	120000	130000	0.0003
scaffold_6	130000	140000	0.0003
scaffold_6	140000	150000	0.0006
scaffold_6	150000	160000	0.0004
scaffold_6	160000	170000	0.0004
scaffold_6	170000	180000	0.0004
scaffold_6	180000	190000	0.0003
scaffold_6	190000	200000	0.0002
scaffold_6	200000	210000	0.0005
scaffold_6	210000	220000	0.0002
scaffold_6	220000	230000	0.0004
scaffold_6	230000	240000	0.0005
scaffold_6	240000	250000	0.0004
scaffold_6	250000	260000	0.0004
scaffold_6	260000	270000	0.0005
scaffold_6	270000	280000	0.0005
scaffold_6	280000	290000	0.0004
scaffold_6	290000	300000	0.0004
scaffold_6	300000	310000	0.0004
scaffold_6	310000	320000	0.0006
scaffold_6	320000	330000	0.0004
scaffold_6	330000	340000	0.0002
scaffold_6	340000	350000	0.0004
scaffold_6	350000	360000	0.0004
scaffold_6	360000	370000	0.0003
scaffold_6	370000	380000	0.0004
scaffold_6	380000	390000	0.0002
scaffold_6	390000	400000	0.0003
scaffold_6	400000	410000	0.0003
scaffold_6	410000	420000	0.0002
scaffold_6	420000	430000	0.0002
scaffold_6	430000	440000	0.0003
scaffold_6	440000	450000	0.0003
scaffold_6	450000	460000	0.0002
scaffold_6	460000	470000	0.0002
scaffold_6	470000	480000	0.0003
scaffold_6	480000	490000	0.0003
scaffold_6	490000	500000	0.0004
scaffold_6	500000	510000	0.0005
scaffold_6	510000	520000	0.0005
scaffold_6	520000	530000	0.0004
scaffold_6	530000	540000	0.0004
scaffold_6	540000	550000	0.0002
scaffold_6	550000	560000	0.0006
scaffold_6	560000	570000	0.0002
scaffold_6	570000	580000	0
scaffold_6	580000	590000	0.0002
scaffold_6	590000	600000	0
scaffold_6	600000	610000	0.0004
scaffold_6	610000	620000	0.0002
scaffold_6	620000	630000	0.0003
scaffold_6	630000	640000	0.0006
scaffold_6	640000	650000	0.0004
scaffold_6	650000	660000	0.0001
scaffold_6	660000	670000	0.0002
scaffold_6	670000	680000	0.0002
scaffold_6	680000	690000	0.0002
scaffold_6	690000	700000	0.0001
scaffold_6	700000	710000	0.0004
scaffold_6	710000	720000	0.0003
scaffold_6	720000	730000	0
scaffold_6	730000	740000	0.0004
scaffold_6	740000	750000	0.0003
scaffold_6	750000	760000	0
scaffold_6	760000	770000	0.0002
scaffold_6	770000	780000	0.0002
scaffold_6	780000	790000	0.0002
scaffold_6	790000	800000	0.0002
scaffold_6	800000	810000	0.0001
scaffold_6	810000	820000	0.0002
scaffold_6	820000	830000	0.0002
scaffold_6	830000	840000	0.0005
scaffold_6	840000	850000	0.0002
scaffold_6	850000	860000	0.0002
scaffold_6	860000	870000	0.0002
scaffold_6	870000	880000	0.0001
scaffold_6	880000	890000	0
scaffold_6	890000	900000	0.0001
scaffold_6	900000	910000	0
scaffold_6	910000	920000	0.0001
scaffold_6	920000	930000	0.0005
scaffold_6	930000	940000	0.0003
scaffold_6	940000	950000	0.0003
scaffold_6	950000	960000	0.0004
scaffold_6	960000	970000	0.0004
scaffold_6	970000	980000	0.0002
scaffold_6	980000	990000	0.0003
scaffold_6	990000	1000000	0.0004
scaffold_6	1000000	1010000	0.0004
scaffold_6	1010000	1020000	0.0004
scaffold_6	1020000	1030000	0.0005
scaffold_6	1030000	1040000	0.0003
scaffold_6	1040000	1050000	0.0005
scaffold_6	1050000	1060000	0.0004
scaffold_6	1060000	1070000	0.0006
scaffold_6	1070000	1080000	0.0003
scaffold_6	1080000	1090000	0.0003
scaffold_6	1090000	1100000	0.0004
scaffold_6	1100000	1110000	0.0005
scaffold_6	1110000	1120000	0.0004
scaffold_6	1120000	1130000	0.0002
scaffold_6	1130000	1140000	0.0004
scaffold_6	1140000	1150000	0.0003
scaffold_6	1150000	1160000	0.0002
scaffold_6	1160000	1170000	0.0003
scaffold_6	1170000	1180000	0.0002
scaffold_6	1180000	1190000	0.0004
scaffold_6	1190000	1200000	0.0003
scaffold_6	1200000	1210000	0.0004
scaffold_6	1210000	1220000	0.0003
scaffold_6	1220000	1230000	0.0006
scaffold_6	1230000	1240000	0.0004
scaffold_6	1240000	1250000	0.0005
scaffold_6	1250000	1260000	0.0005
scaffold_6	1260000	1270000	0.0005
scaffold_6	1270000	1280000	0.0003
scaffold_6	1280000	1290000	0.0003
scaffold_6	1290000	1300000	0.0002
scaffold_6	1300000	1310000	0.0003
scaffold_6	1310000	1320000	0.0003
scaffold_6	1320000	1330000	0.0001
scaffold_6	1330000	1340000	0.0003
scaffold_6	1340000	1350000	0.0002
scaffold_6	1350000	1360000	0.0003
scaffold_6	1360000	1370000	0.0004
scaffold_6	1370000	1380000	0.0004
scaffold_6	1380000	1390000	0.0003
scaffold_6	1390000	1400000	0.0004
scaffold_6	1400000	1410000	0.0002
scaffold_6	1410000	1420000	0.0002
scaffold_6	1420000	1430000	0.0004
scaffold_6	1430000	1440000	0.0004
scaffold_6	1440000	1450000	0.0003
scaffold_6	1450000	1460000	0.0006
scaffold_6	1460000	1470000	0.0003
scaffold_6	1470000	1480000	0.0004
scaffold_6	1480000	1490000	0.0005
scaffold_6	1490000	1500000	0.0004
scaffold_6	1500000	1510000	0.0002
scaffold_6	1510000	1520000	0.0002
scaffold_6	1520000	1530000	0.0002
scaffold_6	1530000	1540000	0.0004
scaffold_6	1540000	1550000	0.0005
scaffold_6	1550000	1560000	0.0003
scaffold_6	1560000	1570000	0.0003
scaffold_6	1570000	1580000	0.0004
scaffold_6	1580000	1590000	0.0002
scaffold_6	1590000	1600000	0.0003
scaffold_6	1600000	1610000	0.0004
scaffold_6	1610000	1620000	0.0003
scaffold_6	1620000	1630000	0.0004
scaffold_6	1630000	1640000	0.0005
scaffold_6	1640000	1650000	0.0003
scaffold_6	1650000	1660000	0.0005
scaffold_6	1660000	1670000	0.0002
scaffold_6	1670000	1680000	0.0003
scaffold_6	1680000	1690000	0.0001
scaffold_6	1690000	1700000	0.0003
scaffold_6	1700000	1710000	0.0004
scaffold_6	1710000	1720000	0.0004
scaffold_6	1720000	1730000	0.0002
scaffold_6	1730000	1740000	0.0004
scaffold_6	1740000	1750000	0.0003
scaffold_6	1750000	1760000	0.0002
scaffold_6	1760000	1770000	0.0005
scaffold_6	1770000	1780000	0.0003
scaffold_6	1780000	1790000	0.0002
scaffold_6	1790000	1800000	0.0003
scaffold_6	1800000	1810000	0.0002
scaffold_6	1810000	1820000	0.0004
scaffold_6	1820000	1830000	0.0002
scaffold_6	1830000	1840000	0.0002
scaffold_6	1840000	1850000	0.0002
scaffold_6	1850000	1860000	0.0004
scaffold_6	1860000	1870000	0.0003
scaffold_6	1870000	1880000	0.0005
scaffold_6	1880000	1890000	0.0002
scaffold_6	1890000	1900000	0.0004
scaffold_6	1900000	1910000	0.0004
scaffold_6	1910000	1920000	0.0002
scaffold_6	1920000	1930000	0.0003
scaffold_6	1930000	1940000	0.0004
scaffold_6	1940000	1950000	0.0003
scaffold_6	1950000	1960000	0.0001
scaffold_6	1960000	1970000	0.0003
scaffold_6	1970000	1980000	0.0005
scaffold_6	1980000	1990000	0.0005
scaffold_6	1990000	2000000	0.0005
scaffold_6	2000000	2010000	0.0005
scaffold_6	2010000	2020000	0.0004
scaffold_6	2020000	2030000	0.0006
scaffold_6	2030000	2040000	0.0003
scaffold_6	2040000	2045753	0.0003
scaffold_7	0	10000	0.0003
scaffold_7	10000	20000	0.0002
scaffold_7	20000	30000	0.0002
scaffold_7	30000	40000	0.0003
scaffold_7	40000	50000	0.0006
scaffold_7	50000	60000	0.0004
scaffold_7	60000	70000	0.0005
scaffold_7	70000	80000	0.0003
scaffold_7	80000	90000	0.0004
scaffold_7	90000	100000	0.0004
scaffold_7	100000	110000	0.0005
scaffold_7	110000	120000	0.0004
scaffold_7	120000	130000	0.0002
scaffold_7	130000	140000	0.0006
scaffold_7	140000	150000	0.0005
scaffold_7	150000	160000	0.0004
scaffold_7	160000	170000	0.0003
scaffold_7	170000	180000	0.0003
scaffold_7	180000	190000	0.0005
scaffold_7	190000	200000	0.0004
scaffold_7	200000	210000	0.0004
scaffold_7	210000	220000	0.0002
scaffold_7	220000	230000	0.0003
scaffold_7	230000	240000	0.0003
scaffold_7	240000	250000	0.0003
scaffold_7	250000	260000	0.0004
scaffold_7	260000	270000	0.0005
scaffold_7	270000	280000	0.0002
scaffold_7	280000	290000	0.0004
scaffold_7	290000	300000	0.0004
scaffold_7	300000	310000	0.0006
scaffold_7	310000	320000	0.0004
scaffold_7	320000	330000	0.0006
scaffold_7	330000	340000	0.0005
scaffold_7	340000	350000	0.0005
scaffold_7	350000	360000	0.0001
scaffold_7	360000	370000	0.0003
scaffold_7	370000	380000	0.0003
scaffold_7	380000	390000	0.0003
scaffold_7	390000	400000	0.0002
scaffold_7	400000	410000	0.0005
scaffold_7	410000	420000	0.0003
scaffold_7	420000	430000	0.0001
scaffold_7	430000	440000	0.0002
scaffold_7	440000	450000	0.0003
scaffold_7	450000	460000	0.0004
scaffold_7	460000	470000	0.0003
scaffold_7	470000	480000	0.0003
scaffold_7	480000	490000	0.0005
scaffold_7	490000	500000	0.0003
scaffold_7	500000	510000	0.0002
scaffold_7	510000	520000	0.0002
scaffold_7	520000	530000	0.0003
scaffold_7	530000	540000	0.0002
scaffold_7	540000	550000	0.0003
scaffold_7	550000	560000	0.0004
scaffold_7	560000	570000	0.0004
scaffold_7	570000	580000	0.0004
scaffold_7	580000	590000	0.0003
scaffold_7	590000	600000	0.0001
scaffold_7	600000	610000	0.0005
scaffold_7	610000	620000	0.0004
scaffold_7	620000	630000	0.0005
scaffold_7	630000	640000	0.0002
scaffold_7	640000	650000	0.0004
scaffold_7	650000	660000	0.0002
scaffold_7	660000	670000	0.0002
scaffold_7	670000	680000	0.0001
scaffold_7	680000	690000	0.0004
scaffold_7	690000	700000	0.0005
scaffold_7	700000	710000	0.0005
scaffold_7	710000	720000	0.0002
scaffold_7	720000	730000	0.0001
scaffold_7	730000	740000	0.0004
scaffold_7	740000	750000	0.0002
scaffold_7	750000	760000	0.0002
scaffold_7	760000	770000	0.0003
scaffold_7	770000	780000	0.0003
scaffold_7	780000	790000	0.0004
scaffold_7	790000	800000	0.0004
scaffold_7	800000	810000	0.0003
scaffold_7	810000	820000	0.0001
scaffold_7	820000	830000	0.0002
scaffold_7	830000	840000	0.0005
scaffold_7	840000	850000	0.0004
scaffold_7	850000	860000	0.0003
scaffold_7	860000	870000	0.0003
scaffold_7	870000	880000	0.0003
scaffold_7	880000	890000	0.0004
scaffold_7	890000	900000	0.0004
scaffold_7	900000	910000	0.0004
scaffold_7	910000	920000	0.0002
scaffold_7	920000	930000	0.0006
scaffold_7	930000	940000	0.0006
scaffold_7	940000	950000	0.0004
scaffold_7	950000	960000	0.0003
scaffold_7	960000	970000	0.0003
scaffold_7	970000	980000	0.0005
scaffold_7	980000	990000	0.0003
scaffold_7	990000	1000000	0.0002
scaffold_7	1000000	1010000	0.0002
scaffold_7	1010000	1020000	0.0004
scaffold_7	1020000	1030000	0.0003
scaffold_7	1030000	1040000	0.0002
scaffold_7	1040000	1050000	0.0002
scaffold_7	1050000	1060000	0.0004
scaffold_7	1060000	1070000	0.0003
scaffold_7	1070000	1080000	0.0004
scaffold_7	1080000	1090000	0.0005
scaffold_7	1090000	1100000	0.0005
scaffold_7	1100000	1110000	0.0005
scaffold_7	1110000	1120000	0.0004
scaffold_7	1120000	1130000	0.0002
scaffold_7	1130000	1140000	0.0004
scaffold_7	1140000	1150000	0.0005
scaffold_7	1150000	1160000	0.0003
scaffold_7	1160000	1170000	0.0002
scaffold_7	1170000	1180000	0.0005
scaffold_7	1180000	1190000	0.0002
scaffold_7	1190000	1200000	0.0006
scaffold_7	1200000	1210000	0.0007
scaffold_7	1210000	1220000	0.0004
scaffold_7	1220000	1230000	0.0003
scaffold_7	1230000	1240000	0.0005
scaffold_7	1240000	1250000	0.0003
scaffold_7	1250000	1260000	0.0005
scaffold_7	1260000	1270000	0.0005
scaffold_7	1270000	1280000	0.0006
scaffold_7	1280000	1290000	0.0004
scaffold_7	1290000	1300000	0.0006
scaffold_7	1300000	1310000	0.0004
scaffold_7	1310000	1320000	0.0007
scaffold_7	1320000	1330000	0.0004
scaffold_7	1330000	1340000	0.0003
scaffold_7	1340000	1350000	0.0003
scaffold_7	1350000	1360000	0.0003
scaffold_7	1360000	1370000	0.0003
scaffold_7	1370000	1380000	0.0005
scaffold_7	1380000	1390000	0.0004
scaffold_7	1390000	1400000	0.0003
scaffold_7	1400000	1410000	0.0005
scaffold_7	1410000	1420000	0.0005
scaffold_7	1420000	1430000	0.0002
scaffold_7	1430000	1440000	0.0003
scaffold_7	1440000	1450000	0.0003
scaffold_7	1450000	1460000	0.0003
scaffold_7	1460000	1470000	0.0003
scaffold_7	1470000	1480000	0.0003
scaffold_7	1480000	1490000	0.0004
scaffold_7	1490000	1500000	0.0004
scaffold_7	1500000	1510000	0.0001
scaffold_7	1510000	1520000	0.0004
scaffold_7	1520000	1530000	0.0001
scaffold_7	1530000	1540000	0.0003
scaffold_7	1540000	1550000	0.0004
scaffold_7	1550000	1560000	0.0002
scaffold_7	1560000	1570000	0.0001
scaffold_7	1570000	1580000	0.0001
scaffold_7	1580000	1590000	0.0004
scaffold_7	1590000	1600000	0.0003
scaffold_7	1600000	1610000	0.0005
scaffold_7	1610000	1620000	0.0004
scaffold_7	1620000	1630000	0.0004
scaffold_7	1630000	1640000	0.0004
scaffold_7	1640000	1650000	0.0004
scaffold_7	1650000	1660000	0.0005
scaffold_7	1660000	1670000	0.0004
scaffold_7	1670000	1680000	0.0004
scaffold_7	1680000	1690000	0.0005
scaffold_7	1690000	1700000	0.0006
scaffold_7	1700000	1710000	0.0001
scaffold_7	1710000	1720000	0.0003
scaffold_7	1720000	1730000	0.0003
scaffold_7	1730000	1740000	0.0003
scaffold_7	1740000	1750000	0.0004
scaffold_7	1750000	1760000	0.0004
scaffold_7	1760000	1770000	0.0003
scaffold_7	1770000	1780000	0.0003
scaffold_7	1780000	1790000	0.0006
scaffold_7	1790000	1800000	0.0005
scaffold_7	1800000	1810000	0.0005
scaffold_7	1810000	1820000	0.0003
scaffold_7	1820000	1830000	0.0002
scaffold_7	1830000	1840000	0.0006
scaffold_7	1840000	1850000	0.0006
scaffold_7	1850000	1860000	0.0004
scaffold_7	1860000	1870000	0.0002
scaffold_7	1870000	1880000	0.0005
scaffold_7	1880000	1890000	0.0001
scaffold_7	1890000	1900000	0.0006
scaffold_7	1900000	1910000	0.0003
scaffold_7	1910000	1920000	0.0006
scaffold_7	1920000	1930000	0.0004
scaffold_7	1930000	1940000	0.0003
scaffold_7	1940000	1950000	0.0004
scaffold_7	1950000	1960000	0.0004
scaffold_7	1960000	1970000	0.0005
scaffold_7	1970000	1980000	0.0006
scaffold_7	1980000	1990000	0.0002
scaffold_7	1990000	2000000	0.0002
scaffold_7	2000000	2010000	0.0004
scaffold_7	2010000	2010228	0.0001
scaffold_8	0	10000	0.0005
scaffold_8	10000	20000	0.0005
scaffold_8	20000	30000	0.0003
scaffold_8	30000	40000	0.0003
scaffold_8	40000	50000	0.0006
scaffold_8	50000	60000	0.0004
scaffold_8	60000	70000	0.0003
scaffold_8	70000	80000	0.0002
scaffold_8	80000	90000	0.0004
scaffold_8	90000	100000	0.0004
scaffold_8	100000	110000	0.0002
scaffold_8	110000	120000	0.0002
scaffold_8	120000	130000	0.0003
scaffold_8	130000	140000	0.0002
scaffold_8	140000	150000	0.0002
scaffold_8	150000	160000	0.0001
scaffold_8	160000	170000	0.0005
scaffold_8	170000	180000	0.0005
scaffold_8	180000	190000	0.0002
scaffold_8	190000	200000	0.0005
scaffold_8	200000	210000	0.0004
scaffold_8	210000	220000	0.0003
scaffold_8	220000	230000	0.0004
scaffold_8	230000	240000	0.0003
scaffold_8	240000	250000	0.0002
scaffold_8	250000	260000	0.0002
scaffold_8	260000	270000	0.0003
scaffold_8	270000	280000	0.0004
scaffold_8	280000	290000	0.0003
scaffold_8	290000	300000	0.0004
scaffold_8	300000	310000	0.0004
scaffold_8	310000	320000	0.0001
scaffold_8	320000	330000	0.0003
scaffold_8	330000	340000	0.0003
scaffold_8	340000	350000	0.0002
scaffold_8	350000	360000	0.0003
scaffold_8	360000	370000	0.0006
scaffold_8	370000	380000	0.0003
scaffold_8	380000	390000	0.0004
scaffold_8	390000	400000	0.0003
scaffold_8	400000	410000	0.0004
scaffold_8	410000	420000	0.0005
scaffold_8	420000	430000	0.0002
scaffold_8	430000	440000	0.0004
scaffold_8	440000	450000	0.0004
scaffold_8	450000	460000	0.0004
scaffold_8	460000	470000	0.0004
scaffold_8	470000	480000	0.0001
scaffold_8	480000	490000	0.0001
scaffold_8	490000	500000	0.0002
scaffold_8	500000	510000	0.0001
scaffold_8	510000	520000	0.0003
scaffold_8	520000	530000	0.0001
scaffold_8	530000	540000	0.0005
scaffold_8	540000	550000	0.0004
scaffold_8	550000	560000	0.0002
scaffold_8	560000	570000	0.0006
scaffold_8	570000	580000	0.0002
scaffold_8	580000	590000	0.0001
scaffold_8	590000	600000	0.0004
scaffold_8	600000	610000	0.0004
scaffold_8	610000	620000	0.0004
scaffold_8	620000	630000	0.0002
scaffold_8	630000	640000	0.0002
scaffold_8	640000	650000	0.0005
scaffold_8	650000	660000	0.0005
scaffold_8	660000	670000	0.0002
scaffold_8	670000	680000	0.0003
scaffold_8	680000	690000	0.0004
scaffold_8	690000	700000	0.0003
scaffold_8	700000	710000	0.0002
scaffold_8	710000	720000	0.0002
scaffold_8	720000	730000	0.0002
scaffold_8	730000	740000	0.0003
scaffold_8	740000	750000	0.0002
scaffold_8	750000	760000	0.0005
scaffold_8	760000	770000	0.0006
scaffold_8	770000	780000	0.0005
scaffold_8	780000	790000	0.0002
scaffold_8	790000	800000	0.0004
scaffold_8	800000	810000	0.0004
scaffold_8	810000	820000	0.0004
scaffold_8	820000	830000	0.0004
scaffold_8	830000	840000	0.0004
scaffold_8	840000	850000	0.0003
scaffold_8	850000	860000	0.0002
scaffold_8	860000	870000	0.0002
scaffold_8	870000	880000	0.0005
scaffold_8	880000	890000	0.0006
scaffold_8	890000	900000	0.0003
scaffold_8	900000	910000	0.0003
scaffold_8	910000	920000	0.0005
scaffold_8	920000	930000	0.0006
scaffold_8	930000	940000	0.0002
scaffold_8	940000	950000	0.0004
scaffold_8	950000	960000	0.0003
scaffold_8	960000	970000	0.0004
scaffold_8	970000	980000	0.0003
scaffold_8	980000	990000	0.0002
scaffold_8	990000	1000000	0.0005
scaffold_8	1000000	1010000	0.0003
scaffold_8	1010000	1020000	0.0003
scaffold_8	1020000	1030000	0.0004
scaffold_8	1030000	1040000	0.0006
scaffold_8	1040000	1050000	0.0003
scaffold_8	1050000	1060000	0.0004
scaffold_8	1060000	1070000	0.0003
scaffold_8	1070000	1080000	0.0003
scaffold_8	1080000	1090000	0.0001
scaffold_8	1090000	1100000	0.0001
scaffold_8	1100000	1110000	0
scaffold_8	1110000	1120000	0.0003
scaffold_8	1120000	1130000	0.0005
scaffold_8	1130000	1140000	0.0003
scaffold_8	1140000	1150000	0.0003
scaffold_8	1150000	1160000	0.0004
scaffold_8	1160000	1170000	0.0004
scaffold_8	1170000	1180000	0.0004
scaffold_8	1180000	1190000	0.0006
scaffold_8	1190000	1200000	0.0003
scaffold_8	1200000	1210000	0.0006
scaffold_8	1210000	1220000	0.0005
scaffold_8	1220000	1230000	0.0004
scaffold_8	1230000	1240000	0.0003
scaffold_8	1240000	1250000	0.0001
scaffold_8	1250000	1260000	0.0003
scaffold_8	1260000	1270000	0
scaffold_8	1270000	1280000	0.0001
scaffold_8	1280000	1290000	0.0002
scaffold_8	1290000	1300000	0.0006
scaffold_8	1300000	1310000	0.0002
scaffold_8	1310000	1320000	0.0001
scaffold_8	1320000	1330000	0.0004
scaffold_8	1330000	1340000	0.0004
scaffold_8	1340000	1350000	0.0005
scaffold_8	1350000	1360000	0.0005
scaffold_8	1360000	1370000	0.0003
scaffold_8	1370000	1380000	0.0001
scaffold_8	1380000	1390000	0.0003
scaffold_8	1390000	1400000	0.0003
scaffold_8	1400000	1410000	0.0004
scaffold_8	1410000	1420000	0.0004
scaffold_8	1420000	1430000	0.0004
scaffold_8	1430000	1440000	0.0004
scaffold_8	1440000	1450000	0.0001
scaffold_8	1450000	1460000	0.0003
scaffold_8	1460000	1470000	0.0005
scaffold_8	1470000	1480000	0.0006
scaffold_8	1480000	1490000	0.0004
scaffold_8	1490000	1500000	0.0005
scaffold_8	1500000	1510000	0.0001
scaffold_8	1510000	1520000	0.0003
scaffold_8	1520000	1530000	0.0004
scaffold_8	1530000	1540000	0.0004
scaffold_8	1540000	1550000	0.0001
scaffold_8	1550000	1560000	0.0004
scaffold_8	1560000	1570000	0.0002
scaffold_8	1570000	1580000	0.0001
scaffold_8	1580000	1590000	0.0003
scaffold_8	1590000	1600000	0.0006
scaffold_8	1600000	1610000	0.0005
scaffold_8	1610000	1620000	0.0003
scaffold_8	1620000	1630000	0.0003
scaffold_8	1630000	1640000	0.0002
scaffold_8	1640000	1650000	0.0002
scaffold_8	1650000	1660000	0.0003
scaffold_8	1660000	1670000	0.0003
scaffold_8	1670000	1680000	0.0003
scaffold_8	1680000	1690000	0.0004
scaffold_8	1690000	1700000	0.0002
scaffold_8	1700000	1710000	0.0004
scaffold_8	1710000	1720000	0.0004
scaffold_8	1720000	1730000	0.0003
scaffold_8	1730000	1740000	0.0004
scaffold_8	1740000	1750000	0.0005
scaffold_8	1750000	1760000	0.0004
scaffold_8	1760000	1766506	0.0003
scaffold_9	0	10000	0.0005
scaffold_9	10000	20000	0.0005
scaffold_9	20000	30000	0.0003
scaffold_9	30000	40000	0.0003
scaffold_9	40000	50000	0.0003
scaffold_9	50000	60000	0.0007
scaffold_9	60000	70000	0.0005
scaffold_9	70000	80000	0.0002
scaffold_9	80000	90000	0.0005
scaffold_9	90000	100000	0.0006
scaffold_9	100000	110000	0.0004
scaffold_9	110000	120000	0.0001
scaffold_9	120000	130000	0.0002
scaffold_9	130000	140000	0.0003
scaffold_9	140000	150000	0.0003
scaffold_9	150000	160000	0.0003
scaffold_9	160000	170000	0.0004
scaffold_9	170000	180000	0.0003
scaffold_9	180000	190000	0.0004
scaffold_9	190000	200000	0.0002
scaffold_9	200000	210000	0.0005
scaffold_9	210000	220000	0.0004
scaffold_9	220000	230000	0.0002
scaffold_9	230000	240000	0.0002
scaffold_9	240000	250000	0.0006
scaffold_9	250000	260000	0.0007
scaffold_9	260000	270000	0.0003
scaffold_9	270000	280000	0.0003
scaffold_9	280000	290000	0.0004
scaffold_9	290000	300000	0.0003
scaffold_9	300000	310000	0.0006
scaffold_9	310000	320000	0.0004
scaffold_9	320000	330000	0.0004
scaffold_9	330000	340000	0.0001
scaffold_9	340000	350000	0.0004
scaffold_9	350000	360000	0.0003
scaffold_9	360000	370000	0.0002
scaffold_9	370000	380000	0.0004
scaffold_9	380000	390000	0.0002
scaffold_9	390000	400000	0.0004
scaffold_9	400000	410000	0.0007
scaffold_9	410000	420000	0.0004
scaffold_9	420000	430000	0
scaffold_9	430000	440000	0.0005
scaffold_9	440000	450000	0.0002
scaffold_9	450000	460000	0.0004
scaffold_9	460000	470000	0.0004
scaffold_9	470000	480000	0.0004
scaffold_9	480000	490000	0.0003
scaffold_9	490000	500000	0.0001
scaffold_9	500000	510000	0.0003
scaffold_9	510000	520000	0.0004
scaffold_9	520000	530000	0.0005
scaffold_9	530000	540000	0.0003
scaffold_9	540000	550000	0.0004
scaffold_9	550000	560000	0.0003
scaffold_9	560000	570000	0.0002
scaffold_9	570000	580000	0.0002
scaffold_9	580000	590000	0.0004
scaffold_9	590000	600000	0.0001
scaffold_9	600000	610000	0.0001
scaffold_9	610000	620000	0.0003
scaffold_9	620000	630000	0.0002
scaffold_9	630000	640000	0
scaffold_9	640000	650000	0.0004
scaffold_9	650000	660000	0.0003
scaffold_9	660000	670000	0.0001
scaffold_9	670000	680000	0.0003
scaffold_9	680000	690000	0.0003
scaffold_9	690000	700000	0.0003
scaffold_9	700000	710000	0.0002
scaffold_9	710000	720000	0.0005
scaffold_9	720000	730000	0.0002
scaffold_9	730000	740000	0.0004
scaffold_9	740000	750000	0.0006
scaffold_9	750000	760000	0.0003
scaffold_9	760000	770000	0.0005
scaffold_9	770000	780000	0.0002
scaffold_9	780000	790000	0.0003
scaffold_9	790000	800000	0.0003
scaffold_9	800000	810000	0.0001
scaffold_9	810000	820000	0.0004
scaffold_9	820000	830000	0.0007
scaffold_9	830000	840000	0.0002
scaffold_9	840000	850000	0.0003
scaffold_9	850000	860000	0.0004
scaffold_9	860000	870000	0.0004
scaffold_9	870000	880000	0.0005
scaffold_9	880000	890000	0.0002
scaffold_9	890000	900000	0.0003
scaffold_9	900000	910000	0.0004
scaffold_9	910000	920000	0.0003
scaffold_9	920000	930000	0.0003
scaffold_9	930000	940000	0.0003
scaffold_9	940000	950000	0
scaffold_9	950000	960000	0.0002
scaffold_9	960000	970000	0.0003
scaffold_9	970000	980000	0.0005
scaffold_9	980000	990000	0.0004
scaffold_9	990000	1000000	0.0002
scaffold_9	1000000	1010000	0.0004
scaffold_9	1010000	1020000	0.0002
scaffold_9	1020000	1030000	0.0002
scaffold_9	1030000	1040000	0.0003
scaffold_9	1040000	1050000	0.0003
scaffold_9	1050000	1060000	0.0006
scaffold_9	1060000	1070000	0.0003
scaffold_9	1070000	1080000	0.0002
scaffold_9	1080000	1090000	0.0002
scaffold_9	1090000	1100000	0.0004
scaffold_9	1100000	1110000	0.0005
scaffold_9	1110000	1120000	0.0003
scaffold_9	1120000	1130000	0.0004
scaffold_9	1130000	1140000	0.0004
scaffold_9	1140000	1150000	0.0003
scaffold_9	1150000	1160000	0.0002
scaffold_9	1160000	1170000	0.0003
scaffold_9	1170000	1180000	0.0002
scaffold_9	1180000	1190000	0.0003
scaffold_9	1190000	1200000	0.0002
scaffold_9	1200000	1210000	0.0004
scaffold_9	1210000	1220000	0.0003
scaffold_9	1220000	1230000	0.0003
scaffold_9	1230000	1240000	0.0004
scaffold_9	1240000	1250000	0.0004
scaffold_9	1250000	1260000	0.0003
scaffold_9	1260000	1270000	0.0005
scaffold_9	1270000	1280000	0.0005
scaffold_9	1280000	1290000	0.0005
scaffold_9	1290000	1300000	0.0005
scaffold_9	1300000	1310000	0.0002
scaffold_9	1310000	1320000	0.0006
scaffold_9	1320000	1330000	0.0003
scaffold_9	1330000	1340000	0.0002
scaffold_9	1340000	1350000	0.0004
scaffold_9	1350000	1360000	0.0005
scaffold_9	1360000	1370000	0.0002
scaffold_9	1370000	1380000	0.0002
scaffold_9	1380000	1390000	0.0007
scaffold_9	1390000	1400000	0.0004
scaffold_9	1400000	1410000	0.0003
scaffold_9	1410000	1420000	0.0002
scaffold_9	1420000	1430000	0.0005
scaffold_9	1430000	1440000	0.0002
scaffold_9	1440000	1450000	0.0004
scaffold_9	1450000	1460000	0.0003
scaffold_9	1460000	1470000	0.0004
scaffold_9	1470000	1480000	0.0002
scaffold_9	1480000	1490000	0.0003
scaffold_9	1490000	1500000	0.0004
scaffold_9	1500000	1510000	0.0004
scaffold_9	1510000	1520000	0.0006
scaffold_9	1520000	1530000	0.0004
scaffold_9	1530000	1540000	0.0003
scaffold_9	1540000	1550000	0.0003
scaffold_9	1550000	1554111	0.0002